

  **** PARTIAL WAVE ANALYSIS (DPWA0) ******************************************


  KINETIC ENERGY = 1.52383E+08 eV

  ONLY INNER PHASE SHIFTS ARE TABULATED

      L       PHASE(SPIN UP)     PHASE(SPIN DOWN)
  -----------------------------------------------
       0     -2.05760052E-02      0.00000000E+00
       1     -3.22673205E-03     -2.04794802E-02
       2     -4.36063878E-04     -3.21067650E-03
       3     -5.04652494E-05     -4.33788222E-04
       4     -5.16745553E-06     -5.01936285E-05
       5     -4.77995272E-07     -5.13902559E-06
       6     -4.01379081E-08     -4.75316792E-07
       7     -3.04500267E-09     -3.99091012E-08
       8     -2.07320996E-10     -3.02736033E-09
       9     -1.26205034E-11     -2.06100242E-10


  *** SCATTERING AMPLITUDES AND DIFFERENTIAL CROSS SECTION ***

    ANGLE      DCS       ASYMMETRY    DIRECT AMPLITUDE       SPIN-FLIP AMPLITUDE     ERROR
    (deg)   (cm**2/sr)                      (cm)                    (cm)
  -------------------------------------------------------------------------------------------
  0.000E+00 1.00000E-45  0.000E+00 ( 0.000E+00, 0.000E+00) ( 0.000E+00, 0.000E+00)  1.00E+00
  1.000E-04 1.00000E-45  0.000E+00 ( 0.000E+00, 0.000E+00) ( 0.000E+00, 0.000E+00)  1.00E+00
  1.250E-04 1.00000E-45  0.000E+00 ( 0.000E+00, 0.000E+00) ( 0.000E+00, 0.000E+00)  1.00E+00
  1.500E-04 1.00000E-45  0.000E+00 ( 0.000E+00, 0.000E+00) ( 0.000E+00, 0.000E+00)  1.00E+00
  1.750E-04 1.00000E-45  0.000E+00 ( 0.000E+00, 0.000E+00) ( 0.000E+00, 0.000E+00)  1.00E+00
  2.000E-04 1.00000E-45  0.000E+00 ( 0.000E+00, 0.000E+00) ( 0.000E+00, 0.000E+00)  1.00E+00
  2.250E-04 1.00000E-45  0.000E+00 ( 0.000E+00, 0.000E+00) ( 0.000E+00, 0.000E+00)  1.00E+00
  2.500E-04 1.00000E-45  0.000E+00 ( 0.000E+00, 0.000E+00) ( 0.000E+00, 0.000E+00)  1.00E+00
  2.750E-04 1.00000E-45  0.000E+00 ( 0.000E+00, 0.000E+00) ( 0.000E+00, 0.000E+00)  1.00E+00
  3.000E-04 1.00000E-45  0.000E+00 ( 0.000E+00, 0.000E+00) ( 0.000E+00, 0.000E+00)  1.00E+00
  3.250E-04 1.00000E-45  0.000E+00 ( 0.000E+00, 0.000E+00) ( 0.000E+00, 0.000E+00)  1.00E+00
  3.500E-04 1.00000E-45  0.000E+00 ( 0.000E+00, 0.000E+00) ( 0.000E+00, 0.000E+00)  1.00E+00
  3.750E-04 1.00000E-45  0.000E+00 ( 0.000E+00, 0.000E+00) ( 0.000E+00, 0.000E+00)  1.00E+00
  4.000E-04 1.00000E-45  0.000E+00 ( 0.000E+00, 0.000E+00) ( 0.000E+00, 0.000E+00)  1.00E+00
  4.250E-04 1.00000E-45  0.000E+00 ( 0.000E+00, 0.000E+00) ( 0.000E+00, 0.000E+00)  1.00E+00
  4.500E-04 1.00000E-45  0.000E+00 ( 0.000E+00, 0.000E+00) ( 0.000E+00, 0.000E+00)  1.00E+00
  4.750E-04 1.00000E-45  0.000E+00 ( 0.000E+00, 0.000E+00) ( 0.000E+00, 0.000E+00)  1.00E+00
  5.000E-04 1.00000E-45  0.000E+00 ( 0.000E+00, 0.000E+00) ( 0.000E+00, 0.000E+00)  1.00E+00
  5.250E-04 1.00000E-45  0.000E+00 ( 0.000E+00, 0.000E+00) ( 0.000E+00, 0.000E+00)  1.00E+00
  5.500E-04 1.00000E-45  0.000E+00 ( 0.000E+00, 0.000E+00) ( 0.000E+00, 0.000E+00)  1.00E+00
  5.750E-04 1.00000E-45  0.000E+00 ( 0.000E+00, 0.000E+00) ( 0.000E+00, 0.000E+00)  1.00E+00
  6.000E-04 1.00000E-45  0.000E+00 ( 0.000E+00, 0.000E+00) ( 0.000E+00, 0.000E+00)  1.00E+00
  6.250E-04 1.00000E-45  0.000E+00 ( 0.000E+00, 0.000E+00) ( 0.000E+00, 0.000E+00)  1.00E+00
  6.500E-04 1.00000E-45  0.000E+00 ( 0.000E+00, 0.000E+00) ( 0.000E+00, 0.000E+00)  1.00E+00
  6.750E-04 1.00000E-45  0.000E+00 ( 0.000E+00, 0.000E+00) ( 0.000E+00, 0.000E+00)  1.00E+00
  7.000E-04 1.00000E-45  0.000E+00 ( 0.000E+00, 0.000E+00) ( 0.000E+00, 0.000E+00)  1.00E+00
  7.250E-04 1.00000E-45  0.000E+00 ( 0.000E+00, 0.000E+00) ( 0.000E+00, 0.000E+00)  1.00E+00
  7.500E-04 1.00000E-45  0.000E+00 ( 0.000E+00, 0.000E+00) ( 0.000E+00, 0.000E+00)  1.00E+00
  7.750E-04 1.00000E-45  0.000E+00 ( 0.000E+00, 0.000E+00) ( 0.000E+00, 0.000E+00)  1.00E+00
  8.000E-04 1.00000E-45  0.000E+00 ( 0.000E+00, 0.000E+00) ( 0.000E+00, 0.000E+00)  1.00E+00
  8.250E-04 1.00000E-45  0.000E+00 ( 0.000E+00, 0.000E+00) ( 0.000E+00, 0.000E+00)  1.00E+00
  8.500E-04 1.00000E-45  0.000E+00 ( 0.000E+00, 0.000E+00) ( 0.000E+00, 0.000E+00)  1.00E+00
  8.750E-04 1.00000E-45  0.000E+00 ( 0.000E+00, 0.000E+00) ( 0.000E+00, 0.000E+00)  1.00E+00
  9.000E-04 1.00000E-45  0.000E+00 ( 0.000E+00, 0.000E+00) ( 0.000E+00, 0.000E+00)  1.00E+00
  9.250E-04 1.00000E-45  0.000E+00 ( 0.000E+00, 0.000E+00) ( 0.000E+00, 0.000E+00)  1.00E+00
  9.500E-04 1.00000E-45  0.000E+00 ( 0.000E+00, 0.000E+00) ( 0.000E+00, 0.000E+00)  1.00E+00
  9.750E-04 1.00000E-45  0.000E+00 ( 0.000E+00, 0.000E+00) ( 0.000E+00, 0.000E+00)  1.00E+00
  1.000E-03 1.00000E-45  0.000E+00 ( 0.000E+00, 0.000E+00) ( 0.000E+00, 0.000E+00)  1.00E+00
  1.250E-03 1.00000E-45  0.000E+00 ( 0.000E+00, 0.000E+00) ( 0.000E+00, 0.000E+00)  1.00E+00
  1.500E-03 1.00000E-45  0.000E+00 ( 0.000E+00, 0.000E+00) ( 0.000E+00, 0.000E+00)  1.00E+00
  1.750E-03 1.00000E-45  0.000E+00 ( 0.000E+00, 0.000E+00) ( 0.000E+00, 0.000E+00)  1.00E+00
  2.000E-03 1.00000E-45  0.000E+00 ( 0.000E+00, 0.000E+00) ( 0.000E+00, 0.000E+00)  1.00E+00
  2.250E-03 1.00000E-45  0.000E+00 ( 0.000E+00, 0.000E+00) ( 0.000E+00, 0.000E+00)  1.00E+00
  2.500E-03 1.00000E-45  0.000E+00 ( 0.000E+00, 0.000E+00) ( 0.000E+00, 0.000E+00)  1.00E+00
  2.750E-03 1.00000E-45  0.000E+00 ( 0.000E+00, 0.000E+00) ( 0.000E+00, 0.000E+00)  1.00E+00
  3.000E-03 1.00000E-45  0.000E+00 ( 0.000E+00, 0.000E+00) ( 0.000E+00, 0.000E+00)  1.00E+00
  3.250E-03 1.00000E-45  0.000E+00 ( 0.000E+00, 0.000E+00) ( 0.000E+00, 0.000E+00)  1.00E+00
  3.500E-03 1.00000E-45  0.000E+00 ( 0.000E+00, 0.000E+00) ( 0.000E+00, 0.000E+00)  1.00E+00
  3.750E-03 1.00000E-45  0.000E+00 ( 0.000E+00, 0.000E+00) ( 0.000E+00, 0.000E+00)  1.00E+00
  4.000E-03 1.00000E-45  0.000E+00 ( 0.000E+00, 0.000E+00) ( 0.000E+00, 0.000E+00)  1.00E+00
  4.250E-03 1.00000E-45  0.000E+00 ( 0.000E+00, 0.000E+00) ( 0.000E+00, 0.000E+00)  1.00E+00
  4.500E-03 1.00000E-45  0.000E+00 ( 0.000E+00, 0.000E+00) ( 0.000E+00, 0.000E+00)  1.00E+00
  4.750E-03 1.00000E-45  0.000E+00 ( 0.000E+00, 0.000E+00) ( 0.000E+00, 0.000E+00)  1.00E+00
  5.000E-03 1.00000E-45  0.000E+00 ( 0.000E+00, 0.000E+00) ( 0.000E+00, 0.000E+00)  1.00E+00
  5.250E-03 1.00000E-45  0.000E+00 ( 0.000E+00, 0.000E+00) ( 0.000E+00, 0.000E+00)  1.00E+00
  5.500E-03 1.00000E-45  0.000E+00 ( 0.000E+00, 0.000E+00) ( 0.000E+00, 0.000E+00)  1.00E+00
  5.750E-03 1.00000E-45  0.000E+00 ( 0.000E+00, 0.000E+00) ( 0.000E+00, 0.000E+00)  1.00E+00
  6.000E-03 1.00000E-45  0.000E+00 ( 0.000E+00, 0.000E+00) ( 0.000E+00, 0.000E+00)  1.00E+00
  6.250E-03 1.00000E-45  0.000E+00 ( 0.000E+00, 0.000E+00) ( 0.000E+00, 0.000E+00)  1.00E+00
  6.500E-03 1.00000E-45  0.000E+00 ( 0.000E+00, 0.000E+00) ( 0.000E+00, 0.000E+00)  1.00E+00
  6.750E-03 1.00000E-45  0.000E+00 ( 0.000E+00, 0.000E+00) ( 0.000E+00, 0.000E+00)  1.00E+00
  7.000E-03 1.00000E-45  0.000E+00 ( 0.000E+00, 0.000E+00) ( 0.000E+00, 0.000E+00)  1.00E+00
  7.250E-03 1.00000E-45  0.000E+00 ( 0.000E+00, 0.000E+00) ( 0.000E+00, 0.000E+00)  1.00E+00
  7.500E-03 1.00000E-45  0.000E+00 ( 0.000E+00, 0.000E+00) ( 0.000E+00, 0.000E+00)  1.00E+00
  7.750E-03 1.00000E-45  0.000E+00 ( 0.000E+00, 0.000E+00) ( 0.000E+00, 0.000E+00)  1.00E+00
  8.000E-03 1.00000E-45  0.000E+00 ( 0.000E+00, 0.000E+00) ( 0.000E+00, 0.000E+00)  1.00E+00
  8.250E-03 1.00000E-45  0.000E+00 ( 0.000E+00, 0.000E+00) ( 0.000E+00, 0.000E+00)  1.00E+00
  8.500E-03 1.00000E-45  0.000E+00 ( 0.000E+00, 0.000E+00) ( 0.000E+00, 0.000E+00)  1.00E+00
  8.750E-03 1.00000E-45  0.000E+00 ( 0.000E+00, 0.000E+00) ( 0.000E+00, 0.000E+00)  1.00E+00
  9.000E-03 1.00000E-45  0.000E+00 ( 0.000E+00, 0.000E+00) ( 0.000E+00, 0.000E+00)  1.00E+00
  9.250E-03 1.00000E-45  0.000E+00 ( 0.000E+00, 0.000E+00) ( 0.000E+00, 0.000E+00)  1.00E+00
  9.500E-03 1.00000E-45  0.000E+00 ( 0.000E+00, 0.000E+00) ( 0.000E+00, 0.000E+00)  1.00E+00
  9.750E-03 1.00000E-45  0.000E+00 ( 0.000E+00, 0.000E+00) ( 0.000E+00, 0.000E+00)  1.00E+00
  1.000E-02 1.00000E-45  0.000E+00 ( 0.000E+00, 0.000E+00) ( 0.000E+00, 0.000E+00)  1.00E+00
  1.250E-02 1.00000E-45  0.000E+00 ( 0.000E+00, 0.000E+00) ( 0.000E+00, 0.000E+00)  1.00E+00
  1.500E-02 1.00000E-45  0.000E+00 ( 0.000E+00, 0.000E+00) ( 0.000E+00, 0.000E+00)  1.00E+00
  1.750E-02 1.00000E-45  0.000E+00 ( 0.000E+00, 0.000E+00) ( 0.000E+00, 0.000E+00)  1.00E+00
  2.000E-02 1.00000E-45  0.000E+00 ( 0.000E+00, 0.000E+00) ( 0.000E+00, 0.000E+00)  1.00E+00
  2.250E-02 1.00000E-45  0.000E+00 ( 0.000E+00, 0.000E+00) ( 0.000E+00, 0.000E+00)  1.00E+00
  2.500E-02 1.00000E-45  0.000E+00 ( 0.000E+00, 0.000E+00) ( 0.000E+00, 0.000E+00)  1.00E+00
  2.750E-02 1.00000E-45  0.000E+00 ( 0.000E+00, 0.000E+00) ( 0.000E+00, 0.000E+00)  1.00E+00
  3.000E-02 1.00000E-45  0.000E+00 ( 0.000E+00, 0.000E+00) ( 0.000E+00, 0.000E+00)  1.00E+00
  3.250E-02 1.00000E-45  0.000E+00 ( 0.000E+00, 0.000E+00) ( 0.000E+00, 0.000E+00)  1.00E+00
  3.500E-02 1.00000E-45  0.000E+00 ( 0.000E+00, 0.000E+00) ( 0.000E+00, 0.000E+00)  1.00E+00
  3.750E-02 1.00000E-45  0.000E+00 ( 0.000E+00, 0.000E+00) ( 0.000E+00, 0.000E+00)  1.00E+00
  4.000E-02 1.00000E-45  0.000E+00 ( 0.000E+00, 0.000E+00) ( 0.000E+00, 0.000E+00)  1.00E+00
  4.250E-02 1.00000E-45  0.000E+00 ( 0.000E+00, 0.000E+00) ( 0.000E+00, 0.000E+00)  1.00E+00
  4.500E-02 1.00000E-45  0.000E+00 ( 0.000E+00, 0.000E+00) ( 0.000E+00, 0.000E+00)  1.00E+00
  4.750E-02 1.00000E-45  0.000E+00 ( 0.000E+00, 0.000E+00) ( 0.000E+00, 0.000E+00)  1.00E+00
  5.000E-02 1.00000E-45  0.000E+00 ( 0.000E+00, 0.000E+00) ( 0.000E+00, 0.000E+00)  1.00E+00
  5.250E-02 1.00000E-45  0.000E+00 ( 0.000E+00, 0.000E+00) ( 0.000E+00, 0.000E+00)  1.00E+00
  5.500E-02 1.00000E-45  0.000E+00 ( 0.000E+00, 0.000E+00) ( 0.000E+00, 0.000E+00)  1.00E+00
  5.750E-02 1.00000E-45  0.000E+00 ( 0.000E+00, 0.000E+00) ( 0.000E+00, 0.000E+00)  1.00E+00
  6.000E-02 1.00000E-45  0.000E+00 ( 0.000E+00, 0.000E+00) ( 0.000E+00, 0.000E+00)  1.00E+00
  6.250E-02 1.00000E-45  0.000E+00 ( 0.000E+00, 0.000E+00) ( 0.000E+00, 0.000E+00)  1.00E+00
  6.500E-02 1.00000E-45  0.000E+00 ( 0.000E+00, 0.000E+00) ( 0.000E+00, 0.000E+00)  1.00E+00
  6.750E-02 1.00000E-45  0.000E+00 ( 0.000E+00, 0.000E+00) ( 0.000E+00, 0.000E+00)  1.00E+00
  7.000E-02 1.00000E-45  0.000E+00 ( 0.000E+00, 0.000E+00) ( 0.000E+00, 0.000E+00)  1.00E+00
  7.250E-02 1.00000E-45  0.000E+00 ( 0.000E+00, 0.000E+00) ( 0.000E+00, 0.000E+00)  1.00E+00
  7.500E-02 1.00000E-45  0.000E+00 ( 0.000E+00, 0.000E+00) ( 0.000E+00, 0.000E+00)  1.00E+00
  7.750E-02 1.00000E-45  0.000E+00 ( 0.000E+00, 0.000E+00) ( 0.000E+00, 0.000E+00)  1.00E+00
  8.000E-02 1.00000E-45  0.000E+00 ( 0.000E+00, 0.000E+00) ( 0.000E+00, 0.000E+00)  1.00E+00
  8.250E-02 1.00000E-45  0.000E+00 ( 0.000E+00, 0.000E+00) ( 0.000E+00, 0.000E+00)  1.00E+00
  8.500E-02 1.00000E-45  0.000E+00 ( 0.000E+00, 0.000E+00) ( 0.000E+00, 0.000E+00)  1.00E+00
  8.750E-02 1.00000E-45  0.000E+00 ( 0.000E+00, 0.000E+00) ( 0.000E+00, 0.000E+00)  1.00E+00
  9.000E-02 1.00000E-45  0.000E+00 ( 0.000E+00, 0.000E+00) ( 0.000E+00, 0.000E+00)  1.00E+00
  9.250E-02 1.00000E-45  0.000E+00 ( 0.000E+00, 0.000E+00) ( 0.000E+00, 0.000E+00)  1.00E+00
  9.500E-02 1.00000E-45  0.000E+00 ( 0.000E+00, 0.000E+00) ( 0.000E+00, 0.000E+00)  1.00E+00
  9.750E-02 1.00000E-45  0.000E+00 ( 0.000E+00, 0.000E+00) ( 0.000E+00, 0.000E+00)  1.00E+00
  1.000E-01 1.00000E-45  0.000E+00 ( 0.000E+00, 0.000E+00) ( 0.000E+00, 0.000E+00)  1.00E+00
  1.250E-01 1.00000E-45  0.000E+00 ( 0.000E+00, 0.000E+00) ( 0.000E+00, 0.000E+00)  1.00E+00
  1.500E-01 1.00000E-45  0.000E+00 ( 0.000E+00, 0.000E+00) ( 0.000E+00, 0.000E+00)  1.00E+00
  1.750E-01 1.00000E-45  0.000E+00 ( 0.000E+00, 0.000E+00) ( 0.000E+00, 0.000E+00)  1.00E+00
  2.000E-01 1.00000E-45  0.000E+00 ( 0.000E+00, 0.000E+00) ( 0.000E+00, 0.000E+00)  1.00E+00
  2.250E-01 1.00000E-45  0.000E+00 ( 0.000E+00, 0.000E+00) ( 0.000E+00, 0.000E+00)  1.00E+00
  2.500E-01 1.00000E-45  0.000E+00 ( 0.000E+00, 0.000E+00) ( 0.000E+00, 0.000E+00)  1.00E+00
  2.750E-01 1.00000E-45  0.000E+00 ( 0.000E+00, 0.000E+00) ( 0.000E+00, 0.000E+00)  1.00E+00
  3.000E-01 1.00000E-45  0.000E+00 ( 0.000E+00, 0.000E+00) ( 0.000E+00, 0.000E+00)  1.00E+00
  3.250E-01 1.00000E-45  0.000E+00 ( 0.000E+00, 0.000E+00) ( 0.000E+00, 0.000E+00)  1.00E+00
  3.500E-01 1.00000E-45  0.000E+00 ( 0.000E+00, 0.000E+00) ( 0.000E+00, 0.000E+00)  1.00E+00
  3.750E-01 1.00000E-45  0.000E+00 ( 0.000E+00, 0.000E+00) ( 0.000E+00, 0.000E+00)  1.00E+00
  4.000E-01 1.00000E-45  0.000E+00 ( 0.000E+00, 0.000E+00) ( 0.000E+00, 0.000E+00)  1.00E+00
  4.250E-01 1.00000E-45  0.000E+00 ( 0.000E+00, 0.000E+00) ( 0.000E+00, 0.000E+00)  1.00E+00
  4.500E-01 1.00000E-45  0.000E+00 ( 0.000E+00, 0.000E+00) ( 0.000E+00, 0.000E+00)  1.00E+00
  4.750E-01 1.00000E-45  0.000E+00 ( 0.000E+00, 0.000E+00) ( 0.000E+00, 0.000E+00)  1.00E+00
  5.000E-01 1.00000E-45  0.000E+00 ( 0.000E+00, 0.000E+00) ( 0.000E+00, 0.000E+00)  1.00E+00
  5.250E-01 1.00000E-45  0.000E+00 ( 0.000E+00, 0.000E+00) ( 0.000E+00, 0.000E+00)  1.00E+00
  5.500E-01 1.00000E-45  0.000E+00 ( 0.000E+00, 0.000E+00) ( 0.000E+00, 0.000E+00)  1.00E+00
  5.750E-01 1.00000E-45  0.000E+00 ( 0.000E+00, 0.000E+00) ( 0.000E+00, 0.000E+00)  1.00E+00
  6.000E-01 1.00000E-45  0.000E+00 ( 0.000E+00, 0.000E+00) ( 0.000E+00, 0.000E+00)  1.00E+00
  6.250E-01 1.00000E-45  0.000E+00 ( 0.000E+00, 0.000E+00) ( 0.000E+00, 0.000E+00)  1.00E+00
  6.500E-01 1.00000E-45  0.000E+00 ( 0.000E+00, 0.000E+00) ( 0.000E+00, 0.000E+00)  1.00E+00
  6.750E-01 1.00000E-45  0.000E+00 ( 0.000E+00, 0.000E+00) ( 0.000E+00, 0.000E+00)  1.00E+00
  7.000E-01 1.00000E-45  0.000E+00 ( 0.000E+00, 0.000E+00) ( 0.000E+00, 0.000E+00)  1.00E+00
  7.250E-01 1.00000E-45  0.000E+00 ( 0.000E+00, 0.000E+00) ( 0.000E+00, 0.000E+00)  1.00E+00
  7.500E-01 1.00000E-45  0.000E+00 ( 0.000E+00, 0.000E+00) ( 0.000E+00, 0.000E+00)  1.00E+00
  7.750E-01 1.00000E-45  0.000E+00 ( 0.000E+00, 0.000E+00) ( 0.000E+00, 0.000E+00)  1.00E+00
  8.000E-01 1.00000E-45  0.000E+00 ( 0.000E+00, 0.000E+00) ( 0.000E+00, 0.000E+00)  1.00E+00
  8.250E-01 1.00000E-45  0.000E+00 ( 0.000E+00, 0.000E+00) ( 0.000E+00, 0.000E+00)  1.00E+00
  8.500E-01 1.00000E-45  0.000E+00 ( 0.000E+00, 0.000E+00) ( 0.000E+00, 0.000E+00)  1.00E+00
  8.750E-01 1.00000E-45  0.000E+00 ( 0.000E+00, 0.000E+00) ( 0.000E+00, 0.000E+00)  1.00E+00
  9.000E-01 1.00000E-45  0.000E+00 ( 0.000E+00, 0.000E+00) ( 0.000E+00, 0.000E+00)  1.00E+00
  9.250E-01 1.00000E-45  0.000E+00 ( 0.000E+00, 0.000E+00) ( 0.000E+00, 0.000E+00)  1.00E+00
  9.500E-01 1.00000E-45  0.000E+00 ( 0.000E+00, 0.000E+00) ( 0.000E+00, 0.000E+00)  1.00E+00
  9.750E-01 1.00000E-45  0.000E+00 ( 0.000E+00, 0.000E+00) ( 0.000E+00, 0.000E+00)  1.00E+00
  1.000E+00 1.37737E-21 -1.043E-05 ( 3.467E-11,-1.324E-11) ( 3.021E-13,-1.156E-13)  1.89E-04
  1.100E+00 9.41089E-22 -8.868E-06 ( 2.875E-11,-1.070E-11) ( 2.754E-13,-1.027E-13)  1.46E-04
  1.200E+00 6.64345E-22  1.964E-05 ( 2.422E-11,-8.808E-12) ( 2.521E-13,-9.141E-14)  8.40E-05
  1.300E+00 4.82388E-22 -2.231E-05 ( 2.069E-11,-7.361E-12) ( 2.346E-13,-8.373E-14)  2.27E-05
  1.400E+00 3.58642E-22  1.877E-05 ( 1.788E-11,-6.231E-12) ( 2.173E-13,-7.552E-14)  2.60E-05
  1.500E+00 2.72131E-22 -1.161E-05 ( 1.561E-11,-5.334E-12) ( 2.039E-13,-6.977E-14)  5.26E-05
  1.600E+00 2.10234E-22  3.448E-06 ( 1.375E-11,-4.611E-12) ( 1.912E-13,-6.412E-14)  5.87E-05
  1.700E+00 1.64944E-22  3.570E-06 ( 1.220E-11,-4.019E-12) ( 1.803E-13,-5.939E-14)  4.91E-05
  1.800E+00 1.31239E-22 -8.083E-06 ( 1.090E-11,-3.531E-12) ( 1.707E-13,-5.537E-14)  3.01E-05
  1.900E+00 1.05708E-22  9.599E-06 ( 9.794E-12,-3.123E-12) ( 1.617E-13,-5.152E-14)  8.28E-06
  2.000E+00 8.60963E-23 -8.420E-06 ( 8.852E-12,-2.778E-12) ( 1.541E-13,-4.841E-14)  1.14E-05
  2.100E+00 7.08301E-23  5.381E-06 ( 8.039E-12,-2.486E-12) ( 1.468E-13,-4.537E-14)  2.31E-05
  2.200E+00 5.87976E-23 -1.594E-06 ( 7.333E-12,-2.235E-12) ( 1.404E-13,-4.278E-14)  2.66E-05
  2.300E+00 4.92185E-23 -1.896E-06 ( 6.717E-12,-2.019E-12) ( 1.344E-13,-4.041E-14)  2.30E-05
  2.400E+00 4.15095E-23  4.280E-06 ( 6.176E-12,-1.831E-12) ( 1.289E-13,-3.821E-14)  1.44E-05
  2.500E+00 3.52535E-23 -5.190E-06 ( 5.697E-12,-1.667E-12) ( 1.239E-13,-3.629E-14)  3.91E-06
  2.600E+00 3.01321E-23  4.634E-06 ( 5.272E-12,-1.523E-12) ( 1.192E-13,-3.443E-14)  6.26E-06
  2.700E+00 2.59069E-23 -3.012E-06 ( 4.893E-12,-1.397E-12) ( 1.149E-13,-3.281E-14)  1.26E-05
  2.800E+00 2.23976E-23  8.656E-07 ( 4.554E-12,-1.284E-12) ( 1.109E-13,-3.127E-14)  1.46E-05
  2.900E+00 1.94616E-23  1.160E-06 ( 4.248E-12,-1.184E-12) ( 1.072E-13,-2.987E-14)  1.28E-05
  3.000E+00 1.69918E-23 -2.619E-06 ( 3.973E-12,-1.095E-12) ( 1.037E-13,-2.858E-14)  8.14E-06
  3.100E+00 1.49010E-23  3.186E-06 ( 3.723E-12,-1.014E-12) ( 1.004E-13,-2.735E-14)  2.13E-06
  3.200E+00 1.31219E-23 -2.892E-06 ( 3.496E-12,-9.423E-13) ( 9.734E-14,-2.624E-14)  3.94E-06
  3.300E+00 1.16006E-23  1.871E-06 ( 3.290E-12,-8.772E-13) ( 9.444E-14,-2.518E-14)  7.74E-06
  3.400E+00 1.02930E-23 -5.385E-07 ( 3.101E-12,-8.182E-13) ( 9.172E-14,-2.420E-14)  9.04E-06
  3.500E+00 9.16472E-24 -8.011E-07 ( 2.928E-12,-7.647E-13) ( 8.915E-14,-2.329E-14)  7.97E-06
  3.600E+00 8.18651E-24  1.732E-06 ( 2.769E-12,-7.160E-13) ( 8.672E-14,-2.242E-14)  5.08E-06
  3.700E+00 7.33539E-24 -2.153E-06 ( 2.622E-12,-6.715E-13) ( 8.443E-14,-2.162E-14)  1.27E-06
  3.800E+00 6.59191E-24  1.925E-06 ( 2.487E-12,-6.308E-13) ( 8.223E-14,-2.085E-14)  2.71E-06
  3.900E+00 5.94012E-24 -1.284E-06 ( 2.362E-12,-5.935E-13) ( 8.017E-14,-2.014E-14)  5.19E-06
  4.000E+00 5.36693E-24  3.249E-07 ( 2.247E-12,-5.592E-13) ( 7.819E-14,-1.946E-14)  6.04E-06
  4.100E+00 4.86105E-24  5.504E-07 ( 2.139E-12,-5.276E-13) ( 7.632E-14,-1.882E-14)  5.34E-06
  4.200E+00 4.41338E-24 -1.261E-06 ( 2.039E-12,-4.985E-13) ( 7.453E-14,-1.822E-14)  3.40E-06
  4.300E+00 4.01596E-24  1.499E-06 ( 1.946E-12,-4.715E-13) ( 7.282E-14,-1.764E-14)  8.00E-07
  4.400E+00 3.66223E-24 -1.407E-06 ( 1.859E-12,-4.466E-13) ( 7.120E-14,-1.710E-14)  1.98E-06
  4.500E+00 3.34655E-24  8.750E-07 ( 1.778E-12,-4.235E-13) ( 6.963E-14,-1.658E-14)  3.70E-06
  4.600E+00 3.06407E-24 -2.613E-07 ( 1.702E-12,-4.019E-13) ( 6.814E-14,-1.609E-14)  4.28E-06
  4.700E+00 2.81075E-24 -4.608E-07 ( 1.631E-12,-3.819E-13) ( 6.671E-14,-1.562E-14)  3.78E-06
  4.800E+00 2.58300E-24  8.909E-07 ( 1.564E-12,-3.633E-13) ( 6.534E-14,-1.517E-14)  2.39E-06
  4.900E+00 2.37783E-24 -1.164E-06 ( 1.501E-12,-3.459E-13) ( 6.402E-14,-1.475E-14)  5.26E-07
  5.000E+00 2.19258E-24  9.918E-07 ( 1.442E-12,-3.296E-13) ( 6.275E-14,-1.434E-14)  1.51E-06
  5.100E+00 2.02498E-24 -7.051E-07 ( 1.386E-12,-3.144E-13) ( 6.154E-14,-1.396E-14)  2.75E-06
  5.200E+00 1.87307E-24  1.245E-07 ( 1.334E-12,-3.002E-13) ( 6.037E-14,-1.358E-14)  3.16E-06
  5.300E+00 1.73508E-24  2.952E-07 ( 1.284E-12,-2.868E-13) ( 5.924E-14,-1.323E-14)  2.79E-06
  5.400E+00 1.60956E-24 -7.566E-07 ( 1.237E-12,-2.742E-13) ( 5.815E-14,-1.289E-14)  1.75E-06
  5.500E+00 1.49514E-24  8.225E-07 ( 1.193E-12,-2.624E-13) ( 5.710E-14,-1.256E-14)  3.55E-07
  5.600E+00 1.39068E-24 -8.394E-07 ( 1.151E-12,-2.513E-13) ( 5.609E-14,-1.225E-14)  1.19E-06
  5.700E+00 1.29517E-24  4.568E-07 ( 1.111E-12,-2.408E-13) ( 5.512E-14,-1.195E-14)  2.12E-06
  5.800E+00 1.20768E-24 -1.746E-07 ( 1.073E-12,-2.309E-13) ( 5.417E-14,-1.166E-14)  2.41E-06
  5.900E+00 1.12745E-24 -3.308E-07 ( 1.037E-12,-2.216E-13) ( 5.326E-14,-1.138E-14)  2.12E-06
  6.000E+00 1.05374E-24  5.029E-07 ( 1.003E-12,-2.128E-13) ( 5.238E-14,-1.112E-14)  1.32E-06
  6.100E+00 9.85934E-25 -7.512E-07 ( 9.702E-13,-2.045E-13) ( 5.152E-14,-1.086E-14)  2.44E-07
  6.200E+00 9.23478E-25  5.553E-07 ( 9.392E-13,-1.966E-13) ( 5.070E-14,-1.061E-14)  9.68E-07
  6.300E+00 8.65870E-25 -4.701E-07 ( 9.097E-13,-1.891E-13) ( 4.990E-14,-1.037E-14)  1.68E-06
  6.400E+00 8.12672E-25  1.470E-08 ( 8.815E-13,-1.820E-13) ( 4.912E-14,-1.014E-14)  1.89E-06
  6.500E+00 7.63476E-25  1.483E-07 ( 8.546E-13,-1.753E-13) ( 4.836E-14,-9.920E-15)  1.66E-06
  6.600E+00 7.17935E-25 -5.378E-07 ( 8.289E-13,-1.689E-13) ( 4.763E-14,-9.706E-15)  1.02E-06
  6.700E+00 6.75724E-25  4.721E-07 ( 8.043E-13,-1.628E-13) ( 4.692E-14,-9.498E-15)  1.69E-07
  6.800E+00 6.36556E-25 -5.887E-07 ( 7.808E-13,-1.570E-13) ( 4.623E-14,-9.299E-15)  8.03E-07
  6.900E+00 6.00173E-25  2.291E-07 ( 7.583E-13,-1.515E-13) ( 4.556E-14,-9.105E-15)  1.36E-06
  7.000E+00 5.66339E-25 -1.603E-07 ( 7.368E-13,-1.463E-13) ( 4.491E-14,-8.918E-15)  1.52E-06
  7.100E+00 5.34846E-25 -2.873E-07 ( 7.161E-13,-1.413E-13) ( 4.428E-14,-8.737E-15)  1.32E-06
  7.200E+00 5.05500E-25  2.774E-07 ( 6.963E-13,-1.365E-13) ( 4.366E-14,-8.562E-15)  8.08E-07
  7.300E+00 4.78129E-25 -5.637E-07 ( 6.773E-13,-1.320E-13) ( 4.306E-14,-8.392E-15)  1.16E-07
  7.400E+00 4.52576E-25  3.012E-07 ( 6.591E-13,-1.277E-13) ( 4.248E-14,-8.227E-15)  6.78E-07
  7.500E+00 4.28698E-25 -3.732E-07 ( 6.416E-13,-1.235E-13) ( 4.191E-14,-8.068E-15)  1.12E-06
  7.600E+00 4.06366E-25 -6.912E-08 ( 6.247E-13,-1.195E-13) ( 4.136E-14,-7.914E-15)  1.24E-06
  7.700E+00 3.85459E-25  3.920E-08 ( 6.086E-13,-1.158E-13) ( 4.082E-14,-7.764E-15)  1.07E-06
  7.800E+00 3.65873E-25 -4.446E-07 ( 5.930E-13,-1.121E-13) ( 4.029E-14,-7.618E-15)  6.49E-07
  7.900E+00 3.47507E-25  2.506E-07 ( 5.780E-13,-1.086E-13) ( 3.978E-14,-7.477E-15)  1.00E-07
  8.000E+00 3.30272E-25 -4.774E-07 ( 5.635E-13,-1.053E-13) ( 3.928E-14,-7.340E-15)  5.81E-07
  8.100E+00 3.14086E-25  7.486E-08 ( 5.496E-13,-1.021E-13) ( 3.879E-14,-7.207E-15)  9.38E-07
  8.200E+00 2.98872E-25 -1.833E-07 ( 5.362E-13,-9.906E-14) ( 3.831E-14,-7.077E-15)  1.03E-06
  8.300E+00 2.84562E-25 -2.896E-07 ( 5.233E-13,-9.612E-14) ( 3.784E-14,-6.951E-15)  8.86E-07
  8.400E+00 2.71092E-25  1.171E-07 ( 5.108E-13,-9.330E-14) ( 3.739E-14,-6.829E-15)  5.28E-07
  8.500E+00 2.58404E-25 -4.834E-07 ( 4.988E-13,-9.059E-14) ( 3.694E-14,-6.710E-15)  1.00E-07
  8.600E+00 2.46445E-25  1.242E-07 ( 4.872E-13,-8.799E-14) ( 3.651E-14,-6.594E-15)  5.04E-07
  8.700E+00 2.35163E-25 -3.483E-07 ( 4.759E-13,-8.548E-14) ( 3.608E-14,-6.481E-15)  7.97E-07
  8.800E+00 2.24516E-25 -1.467E-07 ( 4.651E-13,-8.308E-14) ( 3.567E-14,-6.371E-15)  8.62E-07
  8.900E+00 2.14459E-25 -5.782E-08 ( 4.546E-13,-8.076E-14) ( 3.526E-14,-6.264E-15)  7.40E-07
  9.000E+00 2.04954E-25 -4.181E-07 ( 4.444E-13,-7.853E-14) ( 3.486E-14,-6.160E-15)  4.35E-07
  9.100E+00 1.95966E-25  8.629E-08 ( 4.346E-13,-7.638E-14) ( 3.447E-14,-6.058E-15)  1.00E-07
  9.200E+00 1.87461E-25 -4.421E-07 ( 4.251E-13,-7.432E-14) ( 3.409E-14,-5.959E-15)  4.43E-07
  9.300E+00 1.79408E-25 -4.985E-08 ( 4.159E-13,-7.232E-14) ( 3.372E-14,-5.863E-15)  6.84E-07
  9.400E+00 1.71779E-25 -2.297E-07 ( 4.070E-13,-7.040E-14) ( 3.335E-14,-5.769E-15)  7.32E-07
  9.500E+00 1.64548E-25 -3.208E-07 ( 3.984E-13,-6.855E-14) ( 3.299E-14,-5.677E-15)  6.25E-07
  9.600E+00 1.57689E-25 -1.569E-08 ( 3.900E-13,-6.676E-14) ( 3.264E-14,-5.587E-15)  3.62E-07
  9.700E+00 1.51181E-25 -4.655E-07 ( 3.819E-13,-6.504E-14) ( 3.230E-14,-5.500E-15)  1.00E-07
  9.800E+00 1.45002E-25 -1.855E-08 ( 3.741E-13,-6.337E-14) ( 3.196E-14,-5.415E-15)  3.92E-07
  9.900E+00 1.39132E-25 -3.664E-07 ( 3.665E-13,-6.176E-14) ( 3.163E-14,-5.331E-15)  5.93E-07
  1.000E+01 1.33553E-25 -2.272E-07 ( 3.591E-13,-6.021E-14) ( 3.131E-14,-5.250E-15)  6.28E-07
  1.025E+01 1.20770E-25 -1.903E-07 ( 3.415E-13,-5.655E-14) ( 3.052E-14,-5.054E-15)  5.89E-07
  1.050E+01 1.09465E-25 -1.635E-07 ( 3.252E-13,-5.318E-14) ( 2.978E-14,-4.870E-15)  5.19E-07
  1.075E+01 9.94376E-26 -1.494E-07 ( 3.099E-13,-5.007E-14) ( 2.906E-14,-4.695E-15)  4.25E-07
  1.100E+01 9.05201E-26 -1.471E-07 ( 2.957E-13,-4.721E-14) ( 2.838E-14,-4.530E-15)  3.15E-07
  1.125E+01 8.25684E-26 -1.588E-07 ( 2.825E-13,-4.455E-14) ( 2.773E-14,-4.373E-15)  1.97E-07
  1.150E+01 7.54602E-26 -1.809E-07 ( 2.701E-13,-4.210E-14) ( 2.710E-14,-4.225E-15)  1.00E-07
  1.175E+01 6.90908E-26 -2.153E-07 ( 2.584E-13,-3.982E-14) ( 2.650E-14,-4.084E-15)  1.00E-07
  1.200E+01 6.33704E-26 -2.574E-07 ( 2.475E-13,-3.770E-14) ( 2.593E-14,-3.949E-15)  1.88E-07
  1.225E+01 5.82216E-26 -3.049E-07 ( 2.372E-13,-3.573E-14) ( 2.537E-14,-3.821E-15)  2.58E-07
  1.250E+01 5.35776E-26 -3.572E-07 ( 2.276E-13,-3.389E-14) ( 2.484E-14,-3.700E-15)  3.05E-07
  1.275E+01 4.93804E-26 -4.132E-07 ( 2.185E-13,-3.218E-14) ( 2.433E-14,-3.583E-15)  3.28E-07
  1.300E+01 4.55796E-26 -4.672E-07 ( 2.099E-13,-3.058E-14) ( 2.384E-14,-3.473E-15)  3.28E-07
  1.325E+01 4.21315E-26 -5.185E-07 ( 2.018E-13,-2.908E-14) ( 2.336E-14,-3.367E-15)  3.19E-07
  1.350E+01 3.89977E-26 -5.679E-07 ( 1.942E-13,-2.768E-14) ( 2.290E-14,-3.265E-15)  2.94E-07
  1.375E+01 3.61447E-26 -6.100E-07 ( 1.869E-13,-2.637E-14) ( 2.246E-14,-3.168E-15)  2.54E-07
  1.400E+01 3.35430E-26 -6.459E-07 ( 1.800E-13,-2.513E-14) ( 2.203E-14,-3.076E-15)  2.01E-07
  1.425E+01 3.11667E-26 -6.752E-07 ( 1.735E-13,-2.397E-14) ( 2.162E-14,-2.987E-15)  1.41E-07
  1.450E+01 2.89929E-26 -7.010E-07 ( 1.674E-13,-2.288E-14) ( 2.122E-14,-2.901E-15)  1.00E-07
  1.475E+01 2.70014E-26 -7.193E-07 ( 1.615E-13,-2.186E-14) ( 2.083E-14,-2.819E-15)  1.00E-07
  1.500E+01 2.51743E-26 -7.306E-07 ( 1.559E-13,-2.089E-14) ( 2.046E-14,-2.741E-15)  1.00E-07
  1.525E+01 2.34958E-26 -7.406E-07 ( 1.506E-13,-1.998E-14) ( 2.010E-14,-2.665E-15)  1.37E-07
  1.550E+01 2.19516E-26 -7.485E-07 ( 1.456E-13,-1.912E-14) ( 1.974E-14,-2.593E-15)  1.71E-07
  1.575E+01 2.05292E-26 -7.523E-07 ( 1.408E-13,-1.830E-14) ( 1.940E-14,-2.523E-15)  1.90E-07
  1.600E+01 1.92173E-26 -7.562E-07 ( 1.362E-13,-1.753E-14) ( 1.907E-14,-2.456E-15)  1.97E-07
  1.625E+01 1.80059E-26 -7.642E-07 ( 1.318E-13,-1.680E-14) ( 1.875E-14,-2.391E-15)  1.94E-07
  1.650E+01 1.68860E-26 -7.765E-07 ( 1.276E-13,-1.611E-14) ( 1.844E-14,-2.329E-15)  1.87E-07
  1.675E+01 1.58495E-26 -7.901E-07 ( 1.236E-13,-1.546E-14) ( 1.813E-14,-2.268E-15)  1.68E-07
  1.700E+01 1.48891E-26 -8.070E-07 ( 1.198E-13,-1.484E-14) ( 1.784E-14,-2.210E-15)  1.41E-07
  1.725E+01 1.39982E-26 -8.296E-07 ( 1.161E-13,-1.425E-14) ( 1.755E-14,-2.154E-15)  1.07E-07
  1.750E+01 1.31711E-26 -8.549E-07 ( 1.126E-13,-1.369E-14) ( 1.727E-14,-2.100E-15)  1.00E-07
  1.775E+01 1.24023E-26 -8.871E-07 ( 1.093E-13,-1.316E-14) ( 1.700E-14,-2.048E-15)  1.00E-07
  1.800E+01 1.16871E-26 -9.217E-07 ( 1.060E-13,-1.266E-14) ( 1.674E-14,-1.998E-15)  1.00E-07
  1.825E+01 1.10210E-26 -9.609E-07 ( 1.029E-13,-1.217E-14) ( 1.648E-14,-1.949E-15)  1.00E-07
  1.850E+01 1.04002E-26 -1.003E-06 ( 9.998E-14,-1.172E-14) ( 1.623E-14,-1.902E-15)  1.04E-07
  1.875E+01 9.82107E-27 -1.048E-06 ( 9.713E-14,-1.128E-14) ( 1.598E-14,-1.856E-15)  1.20E-07
  1.900E+01 9.28027E-27 -1.093E-06 ( 9.440E-14,-1.086E-14) ( 1.574E-14,-1.812E-15)  1.28E-07
  1.925E+01 8.77489E-27 -1.138E-06 ( 9.177E-14,-1.047E-14) ( 1.551E-14,-1.769E-15)  1.27E-07
  1.950E+01 8.30220E-27 -1.183E-06 ( 8.924E-14,-1.009E-14) ( 1.528E-14,-1.728E-15)  1.26E-07
  1.975E+01 7.85975E-27 -1.224E-06 ( 8.681E-14,-9.727E-15) ( 1.506E-14,-1.687E-15)  1.19E-07
  2.000E+01 7.44526E-27 -1.263E-06 ( 8.446E-14,-9.381E-15) ( 1.484E-14,-1.649E-15)  1.04E-07
  2.025E+01 7.05669E-27 -1.300E-06 ( 8.221E-14,-9.051E-15) ( 1.463E-14,-1.611E-15)  1.00E-07
  2.050E+01 6.69214E-27 -1.334E-06 ( 8.003E-14,-8.735E-15) ( 1.442E-14,-1.574E-15)  1.00E-07
  2.075E+01 6.34988E-27 -1.365E-06 ( 7.794E-14,-8.432E-15) ( 1.422E-14,-1.539E-15)  1.00E-07
  2.100E+01 6.02831E-27 -1.390E-06 ( 7.592E-14,-8.143E-15) ( 1.402E-14,-1.504E-15)  1.00E-07
  2.125E+01 5.72599E-27 -1.421E-06 ( 7.396E-14,-7.866E-15) ( 1.383E-14,-1.471E-15)  1.00E-07
  2.150E+01 5.44157E-27 -1.449E-06 ( 7.208E-14,-7.600E-15) ( 1.364E-14,-1.438E-15)  1.00E-07
  2.175E+01 5.17381E-27 -1.470E-06 ( 7.026E-14,-7.346E-15) ( 1.345E-14,-1.406E-15)  1.00E-07
  2.200E+01 4.92158E-27 -1.494E-06 ( 6.851E-14,-7.101E-15) ( 1.327E-14,-1.376E-15)  1.00E-07
  2.225E+01 4.68383E-27 -1.517E-06 ( 6.681E-14,-6.867E-15) ( 1.309E-14,-1.346E-15)  1.00E-07
  2.250E+01 4.45960E-27 -1.543E-06 ( 6.517E-14,-6.642E-15) ( 1.292E-14,-1.317E-15)  1.00E-07
  2.275E+01 4.24798E-27 -1.570E-06 ( 6.358E-14,-6.427E-15) ( 1.275E-14,-1.288E-15)  1.00E-07
  2.300E+01 4.04816E-27 -1.596E-06 ( 6.205E-14,-6.219E-15) ( 1.258E-14,-1.261E-15)  1.00E-07
  2.325E+01 3.85937E-27 -1.623E-06 ( 6.056E-14,-6.020E-15) ( 1.242E-14,-1.234E-15)  1.00E-07
  2.350E+01 3.68091E-27 -1.655E-06 ( 5.912E-14,-5.828E-15) ( 1.225E-14,-1.208E-15)  1.00E-07
  2.375E+01 3.51211E-27 -1.692E-06 ( 5.773E-14,-5.644E-15) ( 1.210E-14,-1.183E-15)  1.00E-07
  2.400E+01 3.35237E-27 -1.731E-06 ( 5.638E-14,-5.467E-15) ( 1.194E-14,-1.158E-15)  1.00E-07
  2.425E+01 3.20112E-27 -1.773E-06 ( 5.507E-14,-5.297E-15) ( 1.179E-14,-1.134E-15)  1.00E-07
  2.450E+01 3.05785E-27 -1.812E-06 ( 5.380E-14,-5.132E-15) ( 1.164E-14,-1.111E-15)  1.00E-07
  2.475E+01 2.92206E-27 -1.854E-06 ( 5.257E-14,-4.974E-15) ( 1.150E-14,-1.088E-15)  1.00E-07
  2.500E+01 2.79331E-27 -1.894E-06 ( 5.138E-14,-4.822E-15) ( 1.135E-14,-1.065E-15)  1.00E-07
  2.550E+01 2.55523E-27 -1.981E-06 ( 4.910E-14,-4.534E-15) ( 1.107E-14,-1.022E-15)  1.00E-07
  2.600E+01 2.34058E-27 -2.066E-06 ( 4.695E-14,-4.267E-15) ( 1.080E-14,-9.816E-16)  1.00E-07
  2.650E+01 2.14672E-27 -2.144E-06 ( 4.493E-14,-4.018E-15) ( 1.054E-14,-9.427E-16)  1.00E-07
  2.700E+01 1.97133E-27 -2.211E-06 ( 4.301E-14,-3.785E-15) ( 1.029E-14,-9.057E-16)  1.00E-07
  2.750E+01 1.81241E-27 -2.283E-06 ( 4.121E-14,-3.569E-15) ( 1.005E-14,-8.703E-16)  1.00E-07
  2.800E+01 1.66817E-27 -2.343E-06 ( 3.949E-14,-3.367E-15) ( 9.813E-15,-8.366E-16)  1.00E-07
  2.850E+01 1.53708E-27 -2.399E-06 ( 3.787E-14,-3.178E-15) ( 9.585E-15,-8.043E-16)  1.00E-07
  2.900E+01 1.41776E-27 -2.461E-06 ( 3.634E-14,-3.001E-15) ( 9.365E-15,-7.735E-16)  1.00E-07
  2.950E+01 1.30900E-27 -2.533E-06 ( 3.488E-14,-2.836E-15) ( 9.151E-15,-7.441E-16)  1.00E-07
  3.000E+01 1.20975E-27 -2.598E-06 ( 3.350E-14,-2.681E-15) ( 8.944E-15,-7.159E-16)  1.00E-07
  3.050E+01 1.11905E-27 -2.683E-06 ( 3.218E-14,-2.536E-15) ( 8.743E-15,-6.889E-16)  1.00E-07
  3.100E+01 1.03606E-27 -2.759E-06 ( 3.093E-14,-2.399E-15) ( 8.548E-15,-6.630E-16)  1.00E-07
  3.150E+01 9.60046E-28 -2.843E-06 ( 2.974E-14,-2.271E-15) ( 8.358E-15,-6.383E-16)  1.00E-07
  3.200E+01 8.90335E-28 -2.910E-06 ( 2.861E-14,-2.151E-15) ( 8.174E-15,-6.145E-16)  1.00E-07
  3.250E+01 8.26337E-28 -2.988E-06 ( 2.753E-14,-2.037E-15) ( 7.996E-15,-5.917E-16)  1.00E-07
  3.300E+01 7.67521E-28 -3.058E-06 ( 2.650E-14,-1.930E-15) ( 7.822E-15,-5.698E-16)  1.00E-07
  3.350E+01 7.13411E-28 -3.122E-06 ( 2.552E-14,-1.830E-15) ( 7.653E-15,-5.488E-16)  1.00E-07
  3.400E+01 6.63584E-28 -3.174E-06 ( 2.458E-14,-1.735E-15) ( 7.488E-15,-5.286E-16)  1.00E-07
  3.450E+01 6.17655E-28 -3.227E-06 ( 2.369E-14,-1.646E-15) ( 7.328E-15,-5.092E-16)  1.00E-07
  3.500E+01 5.75281E-28 -3.279E-06 ( 2.283E-14,-1.561E-15) ( 7.172E-15,-4.905E-16)  1.00E-07
  3.550E+01 5.36152E-28 -3.338E-06 ( 2.201E-14,-1.482E-15) ( 7.020E-15,-4.726E-16)  1.00E-07
  3.600E+01 4.99989E-28 -3.400E-06 ( 2.123E-14,-1.406E-15) ( 6.872E-15,-4.553E-16)  1.00E-07
  3.650E+01 4.66539E-28 -3.450E-06 ( 2.048E-14,-1.335E-15) ( 6.728E-15,-4.387E-16)  1.00E-07
  3.700E+01 4.35574E-28 -3.523E-06 ( 1.976E-14,-1.268E-15) ( 6.587E-15,-4.227E-16)  1.00E-07
  3.750E+01 4.06886E-28 -3.572E-06 ( 1.907E-14,-1.204E-15) ( 6.450E-15,-4.073E-16)  1.00E-07
  3.800E+01 3.80290E-28 -3.643E-06 ( 1.841E-14,-1.144E-15) ( 6.316E-15,-3.924E-16)  1.00E-07
  3.850E+01 3.55613E-28 -3.707E-06 ( 1.778E-14,-1.087E-15) ( 6.185E-15,-3.781E-16)  1.00E-07
  3.900E+01 3.32702E-28 -3.751E-06 ( 1.717E-14,-1.033E-15) ( 6.058E-15,-3.643E-16)  1.00E-07
  3.950E+01 3.11416E-28 -3.800E-06 ( 1.659E-14,-9.812E-16) ( 5.933E-15,-3.510E-16)  1.00E-07
  4.000E+01 2.91626E-28 -3.826E-06 ( 1.603E-14,-9.325E-16) ( 5.812E-15,-3.382E-16)  1.00E-07
  4.050E+01 2.73215E-28 -3.861E-06 ( 1.549E-14,-8.863E-16) ( 5.693E-15,-3.258E-16)  1.00E-07
  4.100E+01 2.56077E-28 -3.887E-06 ( 1.497E-14,-8.424E-16) ( 5.577E-15,-3.138E-16)  1.00E-07
  4.150E+01 2.40115E-28 -3.922E-06 ( 1.448E-14,-8.008E-16) ( 5.464E-15,-3.023E-16)  1.00E-07
  4.200E+01 2.25238E-28 -3.961E-06 ( 1.400E-14,-7.613E-16) ( 5.353E-15,-2.912E-16)  1.00E-07
  4.250E+01 2.11366E-28 -3.977E-06 ( 1.354E-14,-7.237E-16) ( 5.244E-15,-2.804E-16)  1.00E-07
  4.300E+01 1.98423E-28 -4.028E-06 ( 1.309E-14,-6.880E-16) ( 5.139E-15,-2.700E-16)  1.00E-07
  4.350E+01 1.86341E-28 -4.064E-06 ( 1.267E-14,-6.540E-16) ( 5.035E-15,-2.600E-16)  1.00E-07
  4.400E+01 1.75057E-28 -4.094E-06 ( 1.226E-14,-6.218E-16) ( 4.934E-15,-2.503E-16)  1.00E-07
  4.450E+01 1.64512E-28 -4.107E-06 ( 1.186E-14,-5.911E-16) ( 4.835E-15,-2.409E-16)  1.00E-07
  4.500E+01 1.54654E-28 -4.128E-06 ( 1.148E-14,-5.618E-16) ( 4.738E-15,-2.319E-16)  1.00E-07
  4.550E+01 1.45434E-28 -4.131E-06 ( 1.111E-14,-5.340E-16) ( 4.643E-15,-2.231E-16)  1.00E-07
  4.600E+01 1.36806E-28 -4.152E-06 ( 1.076E-14,-5.076E-16) ( 4.550E-15,-2.146E-16)  1.00E-07
  4.650E+01 1.28729E-28 -4.158E-06 ( 1.042E-14,-4.824E-16) ( 4.459E-15,-2.065E-16)  1.00E-07
  4.700E+01 1.21164E-28 -4.122E-06 ( 1.009E-14,-4.583E-16) ( 4.370E-15,-1.985E-16)  1.00E-07
  4.750E+01 1.14076E-28 -4.117E-06 ( 9.773E-15,-4.355E-16) ( 4.283E-15,-1.909E-16)  1.00E-07
  4.800E+01 1.07432E-28 -4.121E-06 ( 9.466E-15,-4.137E-16) ( 4.198E-15,-1.835E-16)  1.00E-07
  4.850E+01 1.01202E-28 -4.097E-06 ( 9.170E-15,-3.929E-16) ( 4.114E-15,-1.763E-16)  1.00E-07
  4.900E+01 9.53586E-29 -4.081E-06 ( 8.884E-15,-3.732E-16) ( 4.033E-15,-1.694E-16)  1.00E-07
  4.950E+01 8.98746E-29 -4.078E-06 ( 8.608E-15,-3.543E-16) ( 3.953E-15,-1.627E-16)  1.00E-07
  5.000E+01 8.47267E-29 -4.036E-06 ( 8.341E-15,-3.363E-16) ( 3.874E-15,-1.562E-16)  1.00E-07
  5.050E+01 7.98924E-29 -4.019E-06 ( 8.084E-15,-3.192E-16) ( 3.797E-15,-1.499E-16)  1.00E-07
  5.100E+01 7.53512E-29 -3.977E-06 ( 7.835E-15,-3.028E-16) ( 3.722E-15,-1.439E-16)  1.00E-07
  5.150E+01 7.10839E-29 -3.950E-06 ( 7.594E-15,-2.872E-16) ( 3.648E-15,-1.380E-16)  1.00E-07
  5.200E+01 6.70727E-29 -3.875E-06 ( 7.362E-15,-2.724E-16) ( 3.576E-15,-1.323E-16)  1.00E-07
  5.250E+01 6.33010E-29 -3.831E-06 ( 7.137E-15,-2.582E-16) ( 3.505E-15,-1.268E-16)  1.00E-07
  5.300E+01 5.97535E-29 -3.766E-06 ( 6.919E-15,-2.447E-16) ( 3.436E-15,-1.215E-16)  1.00E-07
  5.350E+01 5.64158E-29 -3.674E-06 ( 6.709E-15,-2.317E-16) ( 3.368E-15,-1.163E-16)  1.00E-07
  5.400E+01 5.32748E-29 -3.614E-06 ( 6.505E-15,-2.194E-16) ( 3.301E-15,-1.114E-16)  1.00E-07
  5.450E+01 5.03179E-29 -3.534E-06 ( 6.308E-15,-2.077E-16) ( 3.236E-15,-1.065E-16)  1.00E-07
  5.500E+01 4.75337E-29 -3.443E-06 ( 6.118E-15,-1.965E-16) ( 3.171E-15,-1.019E-16)  1.00E-07
  5.550E+01 4.49113E-29 -3.349E-06 ( 5.933E-15,-1.858E-16) ( 3.109E-15,-9.734E-17)  1.00E-07
  5.600E+01 4.24407E-29 -3.273E-06 ( 5.755E-15,-1.756E-16) ( 3.047E-15,-9.297E-17)  1.00E-07
  5.650E+01 4.01127E-29 -3.178E-06 ( 5.582E-15,-1.658E-16) ( 2.987E-15,-8.873E-17)  1.00E-07
  5.700E+01 3.79183E-29 -3.076E-06 ( 5.415E-15,-1.565E-16) ( 2.927E-15,-8.463E-17)  1.00E-07
  5.750E+01 3.58496E-29 -2.950E-06 ( 5.252E-15,-1.476E-16) ( 2.869E-15,-8.067E-17)  1.00E-07
  5.800E+01 3.38987E-29 -2.836E-06 ( 5.095E-15,-1.392E-16) ( 2.812E-15,-7.683E-17)  1.00E-07
  5.850E+01 3.20587E-29 -2.671E-06 ( 4.943E-15,-1.311E-16) ( 2.757E-15,-7.312E-17)  1.00E-07
  5.900E+01 3.03228E-29 -2.488E-06 ( 4.796E-15,-1.234E-16) ( 2.702E-15,-6.953E-17)  1.00E-07
  5.950E+01 2.86849E-29 -2.382E-06 ( 4.653E-15,-1.161E-16) ( 2.648E-15,-6.605E-17)  1.00E-07
  6.000E+01 2.71390E-29 -2.153E-06 ( 4.515E-15,-1.090E-16) ( 2.595E-15,-6.269E-17)  1.00E-07
  6.050E+01 2.56798E-29 -2.003E-06 ( 4.381E-15,-1.024E-16) ( 2.544E-15,-5.943E-17)  1.00E-07
  6.100E+01 2.43020E-29 -1.823E-06 ( 4.251E-15,-9.597E-17) ( 2.493E-15,-5.629E-17)  1.00E-07
  6.150E+01 2.30010E-29 -1.620E-06 ( 4.125E-15,-8.989E-17) ( 2.444E-15,-5.324E-17)  1.00E-07
  6.200E+01 2.17722E-29 -1.505E-06 ( 4.003E-15,-8.408E-17) ( 2.395E-15,-5.030E-17)  1.00E-07
  6.250E+01 2.06114E-29 -1.256E-06 ( 3.885E-15,-7.855E-17) ( 2.347E-15,-4.746E-17)  1.00E-07
  6.300E+01 1.95146E-29 -1.061E-06 ( 3.770E-15,-7.327E-17) ( 2.300E-15,-4.470E-17)  1.00E-07
  6.350E+01 1.84782E-29 -8.090E-07 ( 3.659E-15,-6.824E-17) ( 2.254E-15,-4.204E-17)  1.00E-07
  6.400E+01 1.74987E-29 -5.851E-07 ( 3.551E-15,-6.345E-17) ( 2.209E-15,-3.947E-17)  1.00E-07
  6.450E+01 1.65727E-29 -3.193E-07 ( 3.447E-15,-5.888E-17) ( 2.165E-15,-3.698E-17)  1.00E-07
  6.500E+01 1.56973E-29 -9.017E-08 ( 3.345E-15,-5.453E-17) ( 2.122E-15,-3.458E-17)  1.00E-07
  6.550E+01 1.48696E-29  2.370E-07 ( 3.247E-15,-5.039E-17) ( 2.079E-15,-3.226E-17)  1.00E-07
  6.600E+01 1.40869E-29  5.066E-07 ( 3.152E-15,-4.644E-17) ( 2.037E-15,-3.002E-17)  1.00E-07
  6.650E+01 1.33465E-29  8.052E-07 ( 3.059E-15,-4.268E-17) ( 1.996E-15,-2.785E-17)  1.00E-07
  6.700E+01 1.26461E-29  1.161E-06 ( 2.969E-15,-3.911E-17) ( 1.956E-15,-2.576E-17)  1.00E-07
  6.750E+01 1.19836E-29  1.456E-06 ( 2.882E-15,-3.570E-17) ( 1.917E-15,-2.374E-17)  1.00E-07
  6.800E+01 1.13566E-29  1.784E-06 ( 2.798E-15,-3.247E-17) ( 1.878E-15,-2.179E-17)  1.00E-07
  6.850E+01 1.07634E-29  2.104E-06 ( 2.716E-15,-2.939E-17) ( 1.840E-15,-1.991E-17)  1.00E-07
  6.900E+01 1.02019E-29  2.446E-06 ( 2.636E-15,-2.646E-17) ( 1.803E-15,-1.809E-17)  1.00E-07
  6.950E+01 9.67040E-30  2.844E-06 ( 2.559E-15,-2.368E-17) ( 1.767E-15,-1.634E-17)  1.00E-07
  7.000E+01 9.16728E-30  3.226E-06 ( 2.484E-15,-2.103E-17) ( 1.731E-15,-1.465E-17)  1.00E-07
  7.050E+01 8.69095E-30  3.694E-06 ( 2.411E-15,-1.852E-17) ( 1.696E-15,-1.302E-17)  1.00E-07
  7.100E+01 8.23994E-30  4.067E-06 ( 2.341E-15,-1.614E-17) ( 1.661E-15,-1.145E-17)  1.00E-07
  7.150E+01 7.81286E-30  4.510E-06 ( 2.272E-15,-1.388E-17) ( 1.628E-15,-9.936E-18)  1.00E-07
  7.200E+01 7.40839E-30  4.991E-06 ( 2.206E-15,-1.174E-17) ( 1.595E-15,-8.477E-18)  1.00E-07
  7.250E+01 7.02530E-30  5.484E-06 ( 2.141E-15,-9.706E-18) ( 1.562E-15,-7.072E-18)  1.00E-07
  7.300E+01 6.66242E-30  5.926E-06 ( 2.079E-15,-7.781E-18) ( 1.530E-15,-5.719E-18)  1.00E-07
  7.350E+01 6.31866E-30  6.400E-06 ( 2.018E-15,-5.958E-18) ( 1.499E-15,-4.417E-18)  1.00E-07
  7.400E+01 5.99298E-30  6.925E-06 ( 1.959E-15,-4.233E-18) ( 1.468E-15,-3.163E-18)  1.00E-07
  7.450E+01 5.68440E-30  7.521E-06 ( 1.901E-15,-2.602E-18) ( 1.438E-15,-1.957E-18)  1.00E-07
  7.500E+01 5.39200E-30  8.047E-06 ( 1.846E-15,-1.060E-18) ( 1.409E-15,-7.977E-19)  1.00E-07
  7.550E+01 5.11491E-30  8.619E-06 ( 1.792E-15, 3.954E-19) ( 1.380E-15, 3.169E-19)  1.00E-07
  7.600E+01 4.85230E-30  9.178E-06 ( 1.739E-15, 1.769E-18) ( 1.352E-15, 1.388E-18)  1.00E-07
  7.650E+01 4.60340E-30  9.739E-06 ( 1.688E-15, 3.064E-18) ( 1.324E-15, 2.416E-18)  1.00E-07
  7.700E+01 4.36748E-30  1.042E-05 ( 1.639E-15, 4.284E-18) ( 1.297E-15, 3.404E-18)  1.00E-07
  7.750E+01 4.14383E-30  1.106E-05 ( 1.591E-15, 5.433E-18) ( 1.270E-15, 4.351E-18)  1.00E-07
  7.800E+01 3.93182E-30  1.184E-05 ( 1.544E-15, 6.512E-18) ( 1.244E-15, 5.260E-18)  1.00E-07
  7.850E+01 3.73081E-30  1.248E-05 ( 1.499E-15, 7.526E-18) ( 1.218E-15, 6.132E-18)  1.00E-07
  7.900E+01 3.54023E-30  1.320E-05 ( 1.455E-15, 8.477E-18) ( 1.193E-15, 6.966E-18)  1.00E-07
  7.950E+01 3.35951E-30  1.392E-05 ( 1.412E-15, 9.369E-18) ( 1.168E-15, 7.766E-18)  1.00E-07
  8.000E+01 3.18815E-30  1.466E-05 ( 1.371E-15, 1.020E-17) ( 1.144E-15, 8.531E-18)  1.00E-07
  8.050E+01 3.02565E-30  1.559E-05 ( 1.331E-15, 1.098E-17) ( 1.120E-15, 9.262E-18)  1.00E-07
  8.100E+01 2.87153E-30  1.641E-05 ( 1.292E-15, 1.171E-17) ( 1.097E-15, 9.962E-18)  1.00E-07
  8.150E+01 2.72536E-30  1.716E-05 ( 1.254E-15, 1.238E-17) ( 1.074E-15, 1.063E-17)  1.00E-07
  8.200E+01 2.58672E-30  1.811E-05 ( 1.217E-15, 1.301E-17) ( 1.052E-15, 1.127E-17)  1.00E-07
  8.250E+01 2.45521E-30  1.914E-05 ( 1.181E-15, 1.360E-17) ( 1.030E-15, 1.188E-17)  1.00E-07
  8.300E+01 2.33047E-30  1.988E-05 ( 1.146E-15, 1.414E-17) ( 1.008E-15, 1.245E-17)  1.00E-07
  8.350E+01 2.21213E-30  2.096E-05 ( 1.112E-15, 1.463E-17) ( 9.871E-16, 1.301E-17)  1.00E-07
  8.400E+01 2.09986E-30  2.173E-05 ( 1.080E-15, 1.509E-17) ( 9.664E-16, 1.353E-17)  1.00E-07
  8.450E+01 1.99335E-30  2.285E-05 ( 1.048E-15, 1.551E-17) ( 9.461E-16, 1.403E-17)  1.00E-07
  8.500E+01 1.89230E-30  2.385E-05 ( 1.017E-15, 1.590E-17) ( 9.262E-16, 1.450E-17)  1.00E-07
  8.550E+01 1.79642E-30  2.493E-05 ( 9.868E-16, 1.625E-17) ( 9.067E-16, 1.495E-17)  1.00E-07
  8.600E+01 1.70544E-30  2.593E-05 ( 9.576E-16, 1.656E-17) ( 8.876E-16, 1.538E-17)  1.00E-07
  8.650E+01 1.61911E-30  2.717E-05 ( 9.293E-16, 1.685E-17) ( 8.689E-16, 1.578E-17)  1.00E-07
  8.700E+01 1.53719E-30  2.814E-05 ( 9.018E-16, 1.711E-17) ( 8.505E-16, 1.616E-17)  1.00E-07
  8.750E+01 1.45944E-30  2.955E-05 ( 8.751E-16, 1.733E-17) ( 8.325E-16, 1.652E-17)  1.00E-07
  8.800E+01 1.38566E-30  3.059E-05 ( 8.491E-16, 1.754E-17) ( 8.149E-16, 1.685E-17)  1.00E-07
  8.850E+01 1.31564E-30  3.190E-05 ( 8.239E-16, 1.771E-17) ( 7.976E-16, 1.717E-17)  1.00E-07
  8.900E+01 1.24919E-30  3.333E-05 ( 7.995E-16, 1.786E-17) ( 7.807E-16, 1.747E-17)  1.00E-07
  8.950E+01 1.18611E-30  3.451E-05 ( 7.757E-16, 1.799E-17) ( 7.640E-16, 1.775E-17)  1.00E-07
  9.000E+01 1.12625E-30  3.593E-05 ( 7.526E-16, 1.810E-17) ( 7.478E-16, 1.801E-17)  1.00E-07
  9.050E+01 1.06942E-30  3.722E-05 ( 7.302E-16, 1.818E-17) ( 7.318E-16, 1.825E-17)  1.00E-07
  9.100E+01 1.01548E-30  3.884E-05 ( 7.084E-16, 1.825E-17) ( 7.162E-16, 1.847E-17)  1.00E-07
  9.150E+01 9.64279E-31  4.022E-05 ( 6.873E-16, 1.829E-17) ( 7.009E-16, 1.868E-17)  1.00E-07
  9.200E+01 9.15674E-31  4.195E-05 ( 6.668E-16, 1.832E-17) ( 6.859E-16, 1.888E-17)  1.00E-07
  9.250E+01 8.69533E-31  4.333E-05 ( 6.468E-16, 1.833E-17) ( 6.711E-16, 1.905E-17)  1.00E-07
  9.300E+01 8.25730E-31  4.494E-05 ( 6.275E-16, 1.833E-17) ( 6.567E-16, 1.921E-17)  1.00E-07
  9.350E+01 7.84146E-31  4.682E-05 ( 6.087E-16, 1.831E-17) ( 6.426E-16, 1.936E-17)  1.00E-07
  9.400E+01 7.44667E-31  4.829E-05 ( 5.904E-16, 1.828E-17) ( 6.288E-16, 1.950E-17)  1.00E-07
  9.450E+01 7.07184E-31  5.019E-05 ( 5.727E-16, 1.823E-17) ( 6.152E-16, 1.962E-17)  1.00E-07
  9.500E+01 6.71598E-31  5.165E-05 ( 5.555E-16, 1.817E-17) ( 6.019E-16, 1.972E-17)  1.00E-07
  9.550E+01 6.37810E-31  5.381E-05 ( 5.388E-16, 1.810E-17) ( 5.889E-16, 1.982E-17)  1.00E-07
  9.600E+01 6.05729E-31  5.563E-05 ( 5.225E-16, 1.802E-17) ( 5.762E-16, 1.990E-17)  1.00E-07
  9.650E+01 5.75268E-31  5.772E-05 ( 5.068E-16, 1.792E-17) ( 5.637E-16, 1.997E-17)  1.00E-07
  9.700E+01 5.46346E-31  5.982E-05 ( 4.915E-16, 1.782E-17) ( 5.514E-16, 2.003E-17)  1.00E-07
  9.750E+01 5.18882E-31  6.164E-05 ( 4.766E-16, 1.771E-17) ( 5.395E-16, 2.008E-17)  1.00E-07
  9.800E+01 4.92804E-31  6.392E-05 ( 4.622E-16, 1.759E-17) ( 5.277E-16, 2.011E-17)  1.00E-07
  9.850E+01 4.68042E-31  6.597E-05 ( 4.482E-16, 1.746E-17) ( 5.162E-16, 2.014E-17)  1.00E-07
  9.900E+01 4.44527E-31  6.794E-05 ( 4.346E-16, 1.732E-17) ( 5.049E-16, 2.016E-17)  1.00E-07
  9.950E+01 4.22197E-31  7.054E-05 ( 4.214E-16, 1.717E-17) ( 4.939E-16, 2.017E-17)  1.00E-07
  1.000E+02 4.00993E-31  7.273E-05 ( 4.085E-16, 1.702E-17) ( 4.831E-16, 2.017E-17)  1.00E-07
  1.005E+02 3.80855E-31  7.478E-05 ( 3.961E-16, 1.687E-17) ( 4.725E-16, 2.016E-17)  1.00E-07
  1.010E+02 3.61732E-31  7.733E-05 ( 3.840E-16, 1.670E-17) ( 4.622E-16, 2.014E-17)  1.00E-07
  1.015E+02 3.43571E-31  8.007E-05 ( 3.723E-16, 1.653E-17) ( 4.520E-16, 2.011E-17)  1.00E-07
  1.020E+02 3.26324E-31  8.239E-05 ( 3.609E-16, 1.636E-17) ( 4.421E-16, 2.008E-17)  1.00E-07
  1.025E+02 3.09945E-31  8.557E-05 ( 3.498E-16, 1.618E-17) ( 4.323E-16, 2.004E-17)  1.00E-07
  1.030E+02 2.94389E-31  8.810E-05 ( 3.391E-16, 1.600E-17) ( 4.228E-16, 1.999E-17)  1.00E-07
  1.035E+02 2.79615E-31  9.105E-05 ( 3.287E-16, 1.582E-17) ( 4.134E-16, 1.994E-17)  1.00E-07
  1.040E+02 2.65583E-31  9.406E-05 ( 3.186E-16, 1.563E-17) ( 4.043E-16, 1.987E-17)  1.00E-07
  1.045E+02 2.52257E-31  9.691E-05 ( 3.087E-16, 1.544E-17) ( 3.954E-16, 1.981E-17)  1.00E-07
  1.050E+02 2.39600E-31  9.938E-05 ( 2.992E-16, 1.524E-17) ( 3.866E-16, 1.973E-17)  1.00E-07
  1.055E+02 2.27579E-31  1.028E-04 ( 2.900E-16, 1.505E-17) ( 3.780E-16, 1.965E-17)  1.00E-07
  1.060E+02 2.16162E-31  1.060E-04 ( 2.810E-16, 1.485E-17) ( 3.696E-16, 1.957E-17)  1.00E-07
  1.065E+02 2.05317E-31  1.092E-04 ( 2.723E-16, 1.464E-17) ( 3.614E-16, 1.948E-17)  1.00E-07
  1.070E+02 1.95018E-31  1.122E-04 ( 2.638E-16, 1.444E-17) ( 3.533E-16, 1.938E-17)  1.00E-07
  1.075E+02 1.85235E-31  1.158E-04 ( 2.556E-16, 1.424E-17) ( 3.454E-16, 1.928E-17)  1.00E-07
  1.080E+02 1.75943E-31  1.190E-04 ( 2.476E-16, 1.403E-17) ( 3.377E-16, 1.918E-17)  1.00E-07
  1.085E+02 1.67117E-31  1.229E-04 ( 2.399E-16, 1.383E-17) ( 3.302E-16, 1.907E-17)  1.00E-07
  1.090E+02 1.58734E-31  1.271E-04 ( 2.324E-16, 1.362E-17) ( 3.228E-16, 1.896E-17)  1.00E-07
  1.095E+02 1.50771E-31  1.310E-04 ( 2.251E-16, 1.341E-17) ( 3.155E-16, 1.884E-17)  1.00E-07
  1.100E+02 1.43208E-31  1.339E-04 ( 2.181E-16, 1.320E-17) ( 3.084E-16, 1.872E-17)  1.00E-07
  1.105E+02 1.36023E-31  1.386E-04 ( 2.112E-16, 1.300E-17) ( 3.015E-16, 1.859E-17)  1.00E-07
  1.110E+02 1.29199E-31  1.429E-04 ( 2.046E-16, 1.279E-17) ( 2.947E-16, 1.847E-17)  1.00E-07
  1.115E+02 1.22718E-31  1.468E-04 ( 1.981E-16, 1.258E-17) ( 2.881E-16, 1.834E-17)  1.00E-07
  1.120E+02 1.16560E-31  1.509E-04 ( 1.919E-16, 1.237E-17) ( 2.815E-16, 1.820E-17)  1.00E-07
  1.125E+02 1.10712E-31  1.557E-04 ( 1.858E-16, 1.217E-17) ( 2.752E-16, 1.807E-17)  1.00E-07
  1.130E+02 1.05157E-31  1.602E-04 ( 1.799E-16, 1.196E-17) ( 2.689E-16, 1.793E-17)  1.00E-07
  1.135E+02 9.98796E-32  1.648E-04 ( 1.742E-16, 1.175E-17) ( 2.628E-16, 1.778E-17)  1.00E-07
  1.140E+02 9.48668E-32  1.692E-04 ( 1.686E-16, 1.155E-17) ( 2.569E-16, 1.764E-17)  1.00E-07
  1.145E+02 9.01054E-32  1.747E-04 ( 1.632E-16, 1.134E-17) ( 2.510E-16, 1.749E-17)  1.00E-07
  1.150E+02 8.55823E-32  1.797E-04 ( 1.580E-16, 1.114E-17) ( 2.453E-16, 1.734E-17)  1.00E-07
  1.155E+02 8.12859E-32  1.841E-04 ( 1.530E-16, 1.094E-17) ( 2.397E-16, 1.719E-17)  1.00E-07
  1.160E+02 7.72045E-32  1.896E-04 ( 1.481E-16, 1.074E-17) ( 2.343E-16, 1.704E-17)  1.00E-07
  1.165E+02 7.33276E-32  1.946E-04 ( 1.433E-16, 1.054E-17) ( 2.289E-16, 1.689E-17)  1.00E-07
  1.170E+02 6.96448E-32  2.009E-04 ( 1.387E-16, 1.034E-17) ( 2.237E-16, 1.673E-17)  1.00E-07
  1.175E+02 6.61466E-32  2.070E-04 ( 1.342E-16, 1.015E-17) ( 2.185E-16, 1.657E-17)  1.00E-07
  1.180E+02 6.28234E-32  2.116E-04 ( 1.298E-16, 9.952E-18) ( 2.135E-16, 1.642E-17)  1.00E-07
  1.185E+02 5.96666E-32  2.170E-04 ( 1.256E-16, 9.759E-18) ( 2.086E-16, 1.626E-17)  1.00E-07
  1.190E+02 5.66678E-32  2.244E-04 ( 1.216E-16, 9.568E-18) ( 2.038E-16, 1.610E-17)  1.00E-07
  1.195E+02 5.38193E-32  2.291E-04 ( 1.176E-16, 9.379E-18) ( 1.991E-16, 1.593E-17)  1.00E-07
  1.200E+02 5.11133E-32  2.361E-04 ( 1.137E-16, 9.191E-18) ( 1.945E-16, 1.577E-17)  1.00E-07
  1.205E+02 4.85428E-32  2.426E-04 ( 1.100E-16, 9.006E-18) ( 1.900E-16, 1.561E-17)  1.00E-07
  1.210E+02 4.61010E-32  2.493E-04 ( 1.064E-16, 8.822E-18) ( 1.856E-16, 1.544E-17)  1.00E-07
  1.215E+02 4.37813E-32  2.565E-04 ( 1.029E-16, 8.640E-18) ( 1.813E-16, 1.528E-17)  1.00E-07
  1.220E+02 4.15779E-32  2.629E-04 ( 9.952E-17, 8.461E-18) ( 1.771E-16, 1.511E-17)  1.00E-07
  1.225E+02 3.94847E-32  2.710E-04 ( 9.623E-17, 8.283E-18) ( 1.730E-16, 1.495E-17)  1.00E-07
  1.230E+02 3.74964E-32  2.788E-04 ( 9.304E-17, 8.108E-18) ( 1.690E-16, 1.478E-17)  1.00E-07
  1.235E+02 3.56075E-32  2.850E-04 ( 8.995E-17, 7.934E-18) ( 1.650E-16, 1.462E-17)  1.00E-07
  1.240E+02 3.38132E-32  2.932E-04 ( 8.695E-17, 7.763E-18) ( 1.612E-16, 1.445E-17)  1.00E-07
  1.245E+02 3.21087E-32  3.017E-04 ( 8.405E-17, 7.594E-18) ( 1.574E-16, 1.428E-17)  1.00E-07
  1.250E+02 3.04895E-32  3.087E-04 ( 8.123E-17, 7.427E-18) ( 1.537E-16, 1.411E-17)  1.00E-07
  1.255E+02 2.89514E-32  3.180E-04 ( 7.850E-17, 7.262E-18) ( 1.501E-16, 1.395E-17)  1.00E-07
  1.260E+02 2.74903E-32  3.264E-04 ( 7.586E-17, 7.100E-18) ( 1.466E-16, 1.378E-17)  1.00E-07
  1.265E+02 2.61023E-32  3.350E-04 ( 7.330E-17, 6.939E-18) ( 1.432E-16, 1.361E-17)  1.00E-07
  1.270E+02 2.47838E-32  3.438E-04 ( 7.081E-17, 6.781E-18) ( 1.398E-16, 1.345E-17)  1.00E-07
  1.275E+02 2.35313E-32  3.540E-04 ( 6.841E-17, 6.625E-18) ( 1.365E-16, 1.328E-17)  1.00E-07
  1.280E+02 2.23415E-32  3.636E-04 ( 6.608E-17, 6.472E-18) ( 1.333E-16, 1.311E-17)  1.00E-07
  1.285E+02 2.12113E-32  3.733E-04 ( 6.382E-17, 6.321E-18) ( 1.301E-16, 1.295E-17)  1.00E-07
  1.290E+02 2.01377E-32  3.828E-04 ( 6.163E-17, 6.171E-18) ( 1.270E-16, 1.278E-17)  1.00E-07
  1.295E+02 1.91177E-32  3.948E-04 ( 5.951E-17, 6.025E-18) ( 1.240E-16, 1.262E-17)  1.00E-07
  1.300E+02 1.81490E-32  4.035E-04 ( 5.746E-17, 5.880E-18) ( 1.211E-16, 1.245E-17)  1.00E-07
  1.305E+02 1.72287E-32  4.142E-04 ( 5.547E-17, 5.738E-18) ( 1.182E-16, 1.229E-17)  1.00E-07
  1.310E+02 1.63544E-32  4.247E-04 ( 5.355E-17, 5.598E-18) ( 1.154E-16, 1.212E-17)  1.00E-07
  1.315E+02 1.55240E-32  4.363E-04 ( 5.168E-17, 5.460E-18) ( 1.126E-16, 1.196E-17)  1.00E-07
  1.320E+02 1.47351E-32  4.510E-04 ( 4.988E-17, 5.324E-18) ( 1.099E-16, 1.180E-17)  1.00E-07
  1.325E+02 1.39858E-32  4.599E-04 ( 4.813E-17, 5.191E-18) ( 1.073E-16, 1.164E-17)  1.00E-07
  1.330E+02 1.32740E-32  4.731E-04 ( 4.643E-17, 5.060E-18) ( 1.047E-16, 1.148E-17)  1.00E-07
  1.335E+02 1.25978E-32  4.847E-04 ( 4.479E-17, 4.931E-18) ( 1.022E-16, 1.132E-17)  1.00E-07
  1.340E+02 1.19555E-32  4.971E-04 ( 4.320E-17, 4.804E-18) ( 9.971E-17, 1.116E-17)  1.00E-07
  1.345E+02 1.13453E-32  5.112E-04 ( 4.167E-17, 4.679E-18) ( 9.730E-17, 1.100E-17)  1.00E-07
  1.350E+02 1.07658E-32  5.245E-04 ( 4.018E-17, 4.557E-18) ( 9.494E-17, 1.084E-17)  1.00E-07
  1.355E+02 1.02152E-32  5.383E-04 ( 3.874E-17, 4.437E-18) ( 9.263E-17, 1.068E-17)  1.00E-07
  1.360E+02 9.69227E-33  5.537E-04 ( 3.734E-17, 4.318E-18) ( 9.038E-17, 1.052E-17)  1.00E-07
  1.365E+02 9.19555E-33  5.703E-04 ( 3.599E-17, 4.202E-18) ( 8.818E-17, 1.037E-17)  1.00E-07
  1.370E+02 8.72370E-33  5.848E-04 ( 3.469E-17, 4.088E-18) ( 8.602E-17, 1.021E-17)  1.00E-07
  1.375E+02 8.27552E-33  5.991E-04 ( 3.342E-17, 3.976E-18) ( 8.391E-17, 1.006E-17)  1.00E-07
  1.380E+02 7.84976E-33  6.161E-04 ( 3.220E-17, 3.867E-18) ( 8.185E-17, 9.905E-18)  1.00E-07
  1.385E+02 7.44540E-33  6.330E-04 ( 3.101E-17, 3.759E-18) ( 7.984E-17, 9.753E-18)  1.00E-07
  1.390E+02 7.06127E-33  6.490E-04 ( 2.987E-17, 3.653E-18) ( 7.787E-17, 9.602E-18)  1.00E-07
  1.395E+02 6.69641E-33  6.667E-04 ( 2.876E-17, 3.549E-18) ( 7.594E-17, 9.451E-18)  1.00E-07
  1.400E+02 6.34983E-33  6.858E-04 ( 2.769E-17, 3.448E-18) ( 7.406E-17, 9.302E-18)  1.00E-07
  1.405E+02 6.02066E-33  7.032E-04 ( 2.665E-17, 3.348E-18) ( 7.222E-17, 9.153E-18)  1.00E-07
  1.410E+02 5.70800E-33  7.225E-04 ( 2.564E-17, 3.250E-18) ( 7.042E-17, 9.005E-18)  1.00E-07
  1.415E+02 5.41099E-33  7.348E-04 ( 2.467E-17, 3.155E-18) ( 6.866E-17, 8.858E-18)  1.00E-07
  1.420E+02 5.12891E-33  7.637E-04 ( 2.374E-17, 3.060E-18) ( 6.693E-17, 8.713E-18)  1.00E-07
  1.425E+02 4.86099E-33  7.770E-04 ( 2.283E-17, 2.968E-18) ( 6.525E-17, 8.568E-18)  1.00E-07
  1.430E+02 4.60648E-33  7.975E-04 ( 2.195E-17, 2.878E-18) ( 6.360E-17, 8.424E-18)  1.00E-07
  1.435E+02 4.36475E-33  8.191E-04 ( 2.110E-17, 2.790E-18) ( 6.199E-17, 8.281E-18)  1.00E-07
  1.440E+02 4.13518E-33  8.431E-04 ( 2.028E-17, 2.703E-18) ( 6.042E-17, 8.140E-18)  1.00E-07
  1.445E+02 3.91714E-33  8.702E-04 ( 1.949E-17, 2.619E-18) ( 5.888E-17, 7.999E-18)  1.00E-07
  1.450E+02 3.71005E-33  8.921E-04 ( 1.872E-17, 2.536E-18) ( 5.737E-17, 7.859E-18)  1.00E-07
  1.455E+02 3.51335E-33  9.140E-04 ( 1.798E-17, 2.455E-18) ( 5.590E-17, 7.720E-18)  1.00E-07
  1.460E+02 3.32655E-33  9.359E-04 ( 1.726E-17, 2.375E-18) ( 5.446E-17, 7.582E-18)  1.00E-07
  1.465E+02 3.14912E-33  9.614E-04 ( 1.657E-17, 2.297E-18) ( 5.305E-17, 7.445E-18)  1.00E-07
  1.470E+02 2.98061E-33  9.929E-04 ( 1.590E-17, 2.221E-18) ( 5.167E-17, 7.310E-18)  1.00E-07
  1.475E+02 2.82059E-33  1.017E-03 ( 1.526E-17, 2.147E-18) ( 5.032E-17, 7.175E-18)  1.00E-07
  1.480E+02 2.66859E-33  1.051E-03 ( 1.463E-17, 2.074E-18) ( 4.900E-17, 7.041E-18)  1.00E-07
  1.485E+02 2.52428E-33  1.079E-03 ( 1.403E-17, 2.003E-18) ( 4.770E-17, 6.908E-18)  1.00E-07
  1.490E+02 2.38721E-33  1.109E-03 ( 1.345E-17, 1.934E-18) ( 4.644E-17, 6.776E-18)  1.00E-07
  1.495E+02 2.25706E-33  1.135E-03 ( 1.289E-17, 1.866E-18) ( 4.520E-17, 6.645E-18)  1.00E-07
  1.500E+02 2.13345E-33  1.167E-03 ( 1.234E-17, 1.800E-18) ( 4.399E-17, 6.515E-18)  1.00E-07
  1.505E+02 2.01608E-33  1.192E-03 ( 1.182E-17, 1.735E-18) ( 4.281E-17, 6.386E-18)  1.00E-07
  1.510E+02 1.90462E-33  1.231E-03 ( 1.131E-17, 1.672E-18) ( 4.165E-17, 6.258E-18)  1.00E-07
  1.515E+02 1.79879E-33  1.256E-03 ( 1.082E-17, 1.610E-18) ( 4.051E-17, 6.131E-18)  1.00E-07
  1.520E+02 1.69829E-33  1.315E-03 ( 1.035E-17, 1.549E-18) ( 3.940E-17, 6.005E-18)  1.00E-07
  1.525E+02 1.60290E-33  1.348E-03 ( 9.898E-18, 1.491E-18) ( 3.832E-17, 5.879E-18)  1.00E-07
  1.530E+02 1.51231E-33  1.391E-03 ( 9.460E-18, 1.433E-18) ( 3.725E-17, 5.755E-18)  1.00E-07
  1.535E+02 1.42632E-33  1.425E-03 ( 9.037E-18, 1.377E-18) ( 3.621E-17, 5.631E-18)  1.00E-07
  1.540E+02 1.34466E-33  1.474E-03 ( 8.629E-18, 1.323E-18) ( 3.519E-17, 5.509E-18)  1.00E-07
  1.545E+02 1.26717E-33  1.517E-03 ( 8.235E-18, 1.270E-18) ( 3.419E-17, 5.387E-18)  1.00E-07
  1.550E+02 1.19359E-33  1.557E-03 ( 7.856E-18, 1.218E-18) ( 3.321E-17, 5.266E-18)  1.00E-07
  1.555E+02 1.12375E-33  1.599E-03 ( 7.490E-18, 1.167E-18) ( 3.225E-17, 5.146E-18)  1.00E-07
  1.560E+02 1.05748E-33  1.647E-03 ( 7.138E-18, 1.118E-18) ( 3.131E-17, 5.027E-18)  1.00E-07
  1.565E+02 9.94569E-34  1.698E-03 ( 6.798E-18, 1.071E-18) ( 3.038E-17, 4.909E-18)  1.00E-07
  1.570E+02 9.34875E-34  1.752E-03 ( 6.472E-18, 1.024E-18) ( 2.948E-17, 4.791E-18)  1.00E-07
  1.575E+02 8.78234E-34  1.815E-03 ( 6.157E-18, 9.787E-19) ( 2.859E-17, 4.675E-18)  1.00E-07
  1.580E+02 8.24504E-34  1.871E-03 ( 5.854E-18, 9.347E-19) ( 2.772E-17, 4.558E-18)  1.00E-07
  1.585E+02 7.73529E-34  1.918E-03 ( 5.562E-18, 8.921E-19) ( 2.687E-17, 4.443E-18)  1.00E-07
  1.590E+02 7.25165E-34  1.978E-03 ( 5.281E-18, 8.506E-19) ( 2.603E-17, 4.329E-18)  1.00E-07
  1.595E+02 6.79298E-34  2.059E-03 ( 5.012E-18, 8.101E-19) ( 2.521E-17, 4.215E-18)  1.00E-07
  1.600E+02 6.35810E-34  2.107E-03 ( 4.752E-18, 7.712E-19) ( 2.441E-17, 4.102E-18)  1.00E-07
  1.605E+02 5.94570E-34  2.188E-03 ( 4.502E-18, 7.332E-19) ( 2.362E-17, 3.990E-18)  1.00E-07
  1.610E+02 5.55485E-34  2.264E-03 ( 4.263E-18, 6.963E-19) ( 2.284E-17, 3.879E-18)  1.00E-07
  1.615E+02 5.18435E-34  2.346E-03 ( 4.033E-18, 6.607E-19) ( 2.208E-17, 3.768E-18)  1.00E-07
  1.620E+02 4.83340E-34  2.431E-03 ( 3.812E-18, 6.261E-19) ( 2.133E-17, 3.658E-18)  1.00E-07
  1.625E+02 4.50090E-34  2.510E-03 ( 3.600E-18, 5.928E-19) ( 2.060E-17, 3.549E-18)  1.00E-07
  1.630E+02 4.18604E-34  2.612E-03 ( 3.396E-18, 5.604E-19) ( 1.987E-17, 3.440E-18)  1.00E-07
  1.635E+02 3.88793E-34  2.710E-03 ( 3.201E-18, 5.292E-19) ( 1.916E-17, 3.332E-18)  1.00E-07
  1.640E+02 3.60592E-34  2.805E-03 ( 3.015E-18, 4.991E-19) ( 1.846E-17, 3.224E-18)  1.00E-07
  1.645E+02 3.33903E-34  2.923E-03 ( 2.836E-18, 4.699E-19) ( 1.777E-17, 3.117E-18)  1.11E-07
  1.650E+02 3.08676E-34  3.043E-03 ( 2.665E-18, 4.419E-19) ( 1.710E-17, 3.011E-18)  1.24E-07
  1.655E+02 2.84832E-34  3.162E-03 ( 2.502E-18, 4.149E-19) ( 1.643E-17, 2.905E-18)  1.26E-07
  1.660E+02 2.62306E-34  3.250E-03 ( 2.345E-18, 3.892E-19) ( 1.577E-17, 2.800E-18)  1.00E-07
  1.665E+02 2.41043E-34  3.427E-03 ( 2.196E-18, 3.641E-19) ( 1.513E-17, 2.695E-18)  1.00E-07
  1.670E+02 2.20994E-34  3.570E-03 ( 2.054E-18, 3.401E-19) ( 1.449E-17, 2.591E-18)  1.00E-07
  1.675E+02 2.02093E-34  3.734E-03 ( 1.919E-18, 3.172E-19) ( 1.386E-17, 2.487E-18)  1.36E-07
  1.680E+02 1.84295E-34  3.912E-03 ( 1.790E-18, 2.952E-19) ( 1.324E-17, 2.384E-18)  1.70E-07
  1.685E+02 1.67554E-34  4.059E-03 ( 1.668E-18, 2.744E-19) ( 1.263E-17, 2.281E-18)  1.79E-07
  1.690E+02 1.51817E-34  4.349E-03 ( 1.553E-18, 2.539E-19) ( 1.202E-17, 2.179E-18)  1.54E-07
  1.695E+02 1.37064E-34  4.519E-03 ( 1.443E-18, 2.351E-19) ( 1.143E-17, 2.077E-18)  1.00E-07
  1.700E+02 1.23221E-34  4.730E-03 ( 1.339E-18, 2.171E-19) ( 1.084E-17, 1.975E-18)  1.00E-07
  1.705E+02 1.10279E-34  4.979E-03 ( 1.241E-18, 2.000E-19) ( 1.026E-17, 1.874E-18)  1.78E-07
  1.710E+02 9.81903E-35  5.333E-03 ( 1.149E-18, 1.835E-19) ( 9.679E-18, 1.774E-18)  2.51E-07
  1.715E+02 8.69341E-35  5.606E-03 ( 1.062E-18, 1.683E-19) ( 9.109E-18, 1.673E-18)  2.80E-07
  1.720E+02 7.64677E-35  6.006E-03 ( 9.814E-19, 1.538E-19) ( 8.544E-18, 1.573E-18)  2.66E-07
  1.725E+02 6.67677E-35  6.460E-03 ( 9.060E-19, 1.401E-19) ( 7.985E-18, 1.473E-18)  1.76E-07
  1.730E+02 5.78108E-35  6.926E-03 ( 8.358E-19, 1.276E-19) ( 7.430E-18, 1.374E-18)  1.00E-07
  1.735E+02 4.95682E-35  7.391E-03 ( 7.704E-19, 1.161E-19) ( 6.880E-18, 1.275E-18)  2.63E-07
  1.740E+02 4.20271E-35  8.082E-03 ( 7.108E-19, 1.051E-19) ( 6.335E-18, 1.175E-18)  4.32E-07
  1.745E+02 3.51573E-35  8.881E-03 ( 6.562E-19, 9.501E-20) ( 5.793E-18, 1.077E-18)  5.27E-07
  1.750E+02 2.89456E-35  9.838E-03 ( 6.066E-19, 8.582E-20) ( 5.255E-18, 9.782E-19)  5.69E-07
  1.755E+02 2.33763E-35  1.089E-02 ( 5.617E-19, 7.771E-20) ( 4.720E-18, 8.797E-19)  4.60E-07
  1.760E+02 1.84283E-35  1.207E-02 ( 5.212E-19, 7.073E-20) ( 4.188E-18, 7.817E-19)  1.74E-07
  1.765E+02 1.40962E-35  1.417E-02 ( 4.869E-19, 6.368E-20) ( 3.659E-18, 6.836E-19)  5.52E-07
  1.770E+02 1.03656E-35  1.621E-02 ( 4.561E-19, 5.843E-20) ( 3.132E-18, 5.855E-19)  1.14E-06
  1.775E+02 7.22445E-36  1.917E-02 ( 4.302E-19, 5.390E-20) ( 2.607E-18, 4.876E-19)  1.70E-06
  1.780E+02 4.66284E-36  2.400E-02 ( 4.095E-19, 4.989E-20) ( 2.083E-18, 3.904E-19)  2.35E-06
  1.785E+02 2.68160E-36  3.122E-02 ( 3.933E-19, 4.685E-20) ( 1.562E-18, 2.925E-19)  3.00E-06
  1.790E+02 1.26812E-36  4.333E-02 ( 3.812E-19, 4.505E-20) ( 1.041E-18, 1.950E-19)  3.60E-06
  1.795E+02 4.21453E-37  6.842E-02 ( 3.750E-19, 4.324E-20) ( 5.189E-19, 9.828E-20)  1.24E-05
  1.800E+02 1.38873E-37  3.386E-15 ( 3.699E-19, 4.487E-20) ( 7.116E-33, 1.499E-33)  1.29E-04

  **** DPWA0 ENDED ************************************************************

