 #  Electrostatic field (a.u.)
 #  Element:  C,  Z =   6  atomic weight = 1.2000000E+01 g/mol
 #  Number of electrons =  0
 #  MNUCL =  4,   MELEC =  4
 #
 #   I       R(I)           RHON(I)         RVN(I)          DEN(I)          RVST(I)
 #------------------------------------------------------------------------------------
     1  0.00000000E+00  1.21983662E+13 -2.77555756E-16  0.00000000E+00 -2.77555756E-16
     2  6.27574714E-10  1.21983662E+13  1.05668954E-04  0.00000000E+00  1.05668954E-04
     3  1.30037681E-09  1.21983662E+13  2.18953145E-04  0.00000000E+00  2.18953145E-04
     4  1.99770859E-09  1.21983662E+13  3.36367565E-04  0.00000000E+00  3.36367565E-04
     5  2.72046194E-09  1.21983662E+13  4.58062382E-04  0.00000000E+00  4.58062382E-04
     6  3.46956097E-09  1.21983662E+13  5.84193197E-04  0.00000000E+00  5.84193197E-04
     7  4.24596318E-09  1.21983662E+13  7.14921233E-04  0.00000000E+00  7.14921233E-04
     8  5.05066069E-09  1.21983663E+13  8.50413537E-04  0.00000000E+00  8.50413537E-04
     9  5.88468142E-09  1.21983663E+13  9.90843186E-04  0.00000000E+00  9.90843186E-04
    10  6.74909040E-09  1.21983663E+13  1.13638951E-03  0.00000000E+00  1.13638951E-03
    11  7.64499107E-09  1.21983663E+13  1.28723830E-03  0.00000000E+00  1.28723830E-03
    12  8.57352668E-09  1.21983663E+13  1.44358205E-03  0.00000000E+00  1.44358205E-03
    13  9.53588166E-09  1.21983664E+13  1.60562019E-03  0.00000000E+00  1.60562019E-03
    14  1.05332831E-08  1.21983664E+13  1.77355934E-03  0.00000000E+00  1.77355934E-03
    15  1.15670024E-08  1.21983665E+13  1.94761355E-03  0.00000000E+00  1.94761355E-03
    16  1.26383564E-08  1.21983665E+13  2.12800459E-03  0.00000000E+00  2.12800459E-03
    17  1.37487096E-08  1.21983666E+13  2.31496217E-03  0.00000000E+00  2.31496217E-03
    18  1.48994754E-08  1.21983666E+13  2.50872429E-03  0.00000000E+00  2.50872429E-03
    19  1.60921180E-08  1.21983667E+13  2.70953749E-03  0.00000000E+00  2.70953749E-03
    20  1.73281541E-08  1.21983668E+13  2.91765713E-03  0.00000000E+00  2.91765713E-03
    21  1.86091549E-08  1.21983669E+13  3.13334778E-03  0.00000000E+00  3.13334778E-03
    22  1.99367479E-08  1.21983670E+13  3.35688346E-03  0.00000000E+00  3.35688346E-03
    23  2.13126188E-08  1.21983671E+13  3.58854800E-03  0.00000000E+00  3.58854800E-03
    24  2.27385137E-08  1.21983672E+13  3.82863542E-03  0.00000000E+00  3.82863542E-03
    25  2.42162411E-08  1.21983674E+13  4.07745021E-03  0.00000000E+00  4.07745021E-03
    26  2.57476743E-08  1.21983675E+13  4.33530780E-03  0.00000000E+00  4.33530780E-03
    27  2.73347533E-08  1.21983677E+13  4.60253482E-03  0.00000000E+00  4.60253482E-03
    28  2.89794874E-08  1.21983678E+13  4.87946960E-03  0.00000000E+00  4.87946960E-03
    29  3.06839574E-08  1.21983680E+13  5.16646250E-03  0.00000000E+00  5.16646250E-03
    30  3.24503183E-08  1.21983683E+13  5.46387638E-03  0.00000000E+00  5.46387638E-03
    31  3.42808018E-08  1.21983685E+13  5.77208698E-03  0.00000000E+00  5.77208698E-03
    32  3.61777188E-08  1.21983688E+13  6.09148342E-03  0.00000000E+00  6.09148342E-03
    33  3.81434625E-08  1.21983691E+13  6.42246862E-03  0.00000000E+00  6.42246862E-03
    34  4.01805105E-08  1.21983694E+13  6.76545979E-03  0.00000000E+00  6.76545979E-03
    35  4.22914286E-08  1.21983697E+13  7.12088893E-03  0.00000000E+00  7.12088893E-03
    36  4.44788733E-08  1.21983701E+13  7.48920331E-03  0.00000000E+00  7.48920331E-03
    37  4.67455948E-08  1.21983705E+13  7.87086602E-03  0.00000000E+00  7.87086602E-03
    38  4.90944406E-08  1.21983709E+13  8.26635648E-03  0.00000000E+00  8.26635648E-03
    39  5.15283584E-08  1.21983714E+13  8.67617104E-03  0.00000000E+00  8.67617104E-03
    40  5.40503998E-08  1.21983719E+13  9.10082349E-03  0.00000000E+00  9.10082349E-03
    41  5.66637237E-08  1.21983725E+13  9.54084571E-03  0.00000000E+00  9.54084571E-03
    42  5.93715997E-08  1.21983731E+13  9.99678822E-03  0.00000000E+00  9.99678822E-03
    43  6.21774123E-08  1.21983738E+13  1.04692209E-02  0.00000000E+00  1.04692209E-02
    44  6.50846643E-08  1.21983745E+13  1.09587334E-02  0.00000000E+00  1.09587334E-02
    45  6.80969807E-08  1.21983753E+13  1.14659363E-02  0.00000000E+00  1.14659363E-02
    46  7.12181134E-08  1.21983761E+13  1.19914611E-02  0.00000000E+00  1.19914611E-02
    47  7.44519447E-08  1.21983771E+13  1.25359616E-02  0.00000000E+00  1.25359616E-02
    48  7.78024917E-08  1.21983780E+13  1.31001142E-02  0.00000000E+00  1.31001142E-02
    49  8.12739112E-08  1.21983791E+13  1.36846186E-02  0.00000000E+00  1.36846186E-02
    50  8.48705037E-08  1.21983803E+13  1.42901991E-02  0.00000000E+00  1.42901991E-02
    51  8.85967186E-08  1.21983816E+13  1.49176046E-02  0.00000000E+00  1.49176046E-02
    52  9.24571585E-08  1.21983829E+13  1.55676103E-02  0.00000000E+00  1.55676103E-02
    53  9.64565846E-08  1.21983844E+13  1.62410177E-02  0.00000000E+00  1.62410177E-02
    54  1.00599921E-07  1.21983860E+13  1.69386560E-02  0.00000000E+00  1.69386560E-02
    55  1.04892262E-07  1.21983877E+13  1.76613826E-02  0.00000000E+00  1.76613826E-02
    56  1.09338874E-07  1.21983896E+13  1.84100846E-02  0.00000000E+00  1.84100846E-02
    57  1.13945205E-07  1.21983916E+13  1.91856788E-02  0.00000000E+00  1.91856788E-02
    58  1.18716885E-07  1.21983938E+13  1.99891137E-02  0.00000000E+00  1.99891137E-02
    59  1.23659740E-07  1.21983961E+13  2.08213697E-02  0.00000000E+00  2.08213697E-02
    60  1.28779788E-07  1.21983987E+13  2.16834602E-02  0.00000000E+00  2.16834602E-02
    61  1.34083253E-07  1.21984014E+13  2.25764330E-02  0.00000000E+00  2.25764330E-02
    62  1.39576566E-07  1.21984043E+13  2.35013711E-02  0.00000000E+00  2.35013711E-02
    63  1.45266377E-07  1.21984075E+13  2.44593937E-02  0.00000000E+00  2.44593937E-02
    64  1.51159554E-07  1.21984109E+13  2.54516574E-02  0.00000000E+00  2.54516574E-02
    65  1.57263196E-07  1.21984146E+13  2.64793573E-02  0.00000000E+00  2.64793573E-02
    66  1.63584636E-07  1.21984186E+13  2.75437281E-02  0.00000000E+00  2.75437281E-02
    67  1.70131453E-07  1.21984228E+13  2.86460455E-02  0.00000000E+00  2.86460455E-02
    68  1.76911471E-07  1.21984274E+13  2.97876268E-02  0.00000000E+00  2.97876268E-02
    69  1.83932773E-07  1.21984324E+13  3.09698329E-02  0.00000000E+00  3.09698329E-02
    70  1.91203706E-07  1.21984377E+13  3.21940690E-02  0.00000000E+00  3.21940690E-02
    71  1.98732888E-07  1.21984435E+13  3.34617857E-02  0.00000000E+00  3.34617857E-02
    72  2.06529216E-07  1.21984497E+13  3.47744811E-02  0.00000000E+00  3.47744811E-02
    73  2.14601874E-07  1.21984563E+13  3.61337012E-02  0.00000000E+00  3.61337012E-02
    74  2.22960342E-07  1.21984635E+13  3.75410417E-02  0.00000000E+00  3.75410417E-02
    75  2.31614400E-07  1.21984712E+13  3.89981491E-02  0.00000000E+00  3.89981491E-02
    76  2.40574141E-07  1.21984794E+13  4.05067224E-02  0.00000000E+00  4.05067224E-02
    77  2.49849977E-07  1.21984883E+13  4.20685141E-02  0.00000000E+00  4.20685141E-02
    78  2.59452644E-07  1.21984979E+13  4.36853317E-02  0.00000000E+00  4.36853317E-02
    79  2.69393217E-07  1.21985082E+13  4.53590392E-02  0.00000000E+00  4.53590392E-02
    80  2.79683113E-07  1.21985192E+13  4.70915585E-02  0.00000000E+00  4.70915585E-02
    81  2.90334103E-07  1.21985311E+13  4.88848706E-02  0.00000000E+00  4.88848706E-02
    82  3.01358317E-07  1.21985439E+13  5.07410173E-02  0.00000000E+00  5.07410173E-02
    83  3.12768255E-07  1.21985576E+13  5.26621026E-02  0.00000000E+00  5.26621026E-02
    84  3.24576797E-07  1.21985723E+13  5.46502939E-02  0.00000000E+00  5.46502939E-02
    85  3.36797207E-07  1.21985881E+13  5.67078236E-02  0.00000000E+00  5.67078236E-02
    86  3.49443146E-07  1.21986051E+13  5.88369909E-02  0.00000000E+00  5.88369909E-02
    87  3.62528678E-07  1.21986233E+13  6.10401624E-02  0.00000000E+00  6.10401624E-02
    88  3.76068280E-07  1.21986428E+13  6.33197742E-02  0.00000000E+00  6.33197742E-02
    89  3.90076849E-07  1.21986638E+13  6.56783332E-02  0.00000000E+00  6.56783332E-02
    90  4.04569713E-07  1.21986864E+13  6.81184183E-02  0.00000000E+00  6.81184183E-02
    91  4.19562636E-07  1.21987105E+13  7.06426818E-02  0.00000000E+00  7.06426818E-02
    92  4.35071827E-07  1.21987364E+13  7.32538511E-02  0.00000000E+00  7.32538511E-02
    93  4.51113952E-07  1.21987642E+13  7.59547295E-02  0.00000000E+00  7.59547295E-02
    94  4.67706134E-07  1.21987940E+13  7.87481979E-02  0.00000000E+00  7.87481979E-02
    95  4.84865970E-07  1.21988260E+13  8.16372158E-02  0.00000000E+00  8.16372158E-02
    96  5.02611529E-07  1.21988602E+13  8.46248227E-02  0.00000000E+00  8.46248227E-02
    97  5.20961366E-07  1.21988969E+13  8.77141392E-02  0.00000000E+00  8.77141392E-02
    98  5.39934526E-07  1.21989363E+13  9.09083680E-02  0.00000000E+00  9.09083680E-02
    99  5.59550552E-07  1.21989784E+13  9.42107950E-02  0.00000000E+00  9.42107950E-02
   100  5.79829486E-07  1.21990235E+13  9.76247905E-02  0.00000000E+00  9.76247905E-02
   101  6.00791883E-07  1.21990719E+13  1.01153810E-01  0.00000000E+00  1.01153810E-01
   102  6.22458809E-07  1.21991237E+13  1.04801393E-01  0.00000000E+00  1.04801393E-01
   103  6.44851848E-07  1.21991791E+13  1.08571170E-01  0.00000000E+00  1.08571170E-01
   104  6.67993108E-07  1.21992384E+13  1.12466855E-01  0.00000000E+00  1.12466855E-01
   105  6.91905222E-07  1.21993019E+13  1.16492250E-01  0.00000000E+00  1.16492250E-01
   106  7.16611352E-07  1.21993698E+13  1.20651247E-01  0.00000000E+00  1.20651247E-01
   107  7.42135193E-07  1.21994425E+13  1.24947826E-01  0.00000000E+00  1.24947826E-01
   108  7.68500969E-07  1.21995202E+13  1.29386055E-01  0.00000000E+00  1.29386055E-01
   109  7.95733441E-07  1.21996033E+13  1.33970092E-01  0.00000000E+00  1.33970092E-01
   110  8.23857901E-07  1.21996922E+13  1.38704181E-01  0.00000000E+00  1.38704181E-01
   111  8.52900175E-07  1.21997872E+13  1.43592659E-01  0.00000000E+00  1.43592659E-01
   112  8.82886619E-07  1.21998887E+13  1.48639945E-01  0.00000000E+00  1.48639945E-01
   113  9.13844116E-07  1.21999971E+13  1.53850551E-01  0.00000000E+00  1.53850551E-01
   114  9.45800076E-07  1.22001129E+13  1.59229072E-01  0.00000000E+00  1.59229072E-01
   115  9.78782424E-07  1.22002366E+13  1.64780189E-01  0.00000000E+00  1.64780189E-01
   116  1.01281960E-06  1.22003686E+13  1.70508670E-01  0.00000000E+00  1.70508670E-01
   117  1.04794055E-06  1.22005095E+13  1.76419361E-01  0.00000000E+00  1.76419361E-01
   118  1.08417473E-06  1.22006598E+13  1.82517194E-01  0.00000000E+00  1.82517194E-01
   119  1.12155205E-06  1.22008202E+13  1.88807180E-01  0.00000000E+00  1.88807180E-01
   120  1.16010294E-06  1.22009913E+13  1.95294404E-01  0.00000000E+00  1.95294404E-01
   121  1.19985826E-06  1.22011737E+13  2.01984031E-01  0.00000000E+00  2.01984031E-01
   122  1.24084935E-06  1.22013681E+13  2.08881295E-01  0.00000000E+00  2.08881295E-01
   123  1.28310797E-06  1.22015752E+13  2.15991501E-01  0.00000000E+00  2.15991501E-01
   124  1.32666629E-06  1.22017958E+13  2.23320021E-01  0.00000000E+00  2.23320021E-01
   125  1.37155691E-06  1.22020308E+13  2.30872292E-01  0.00000000E+00  2.30872292E-01
   126  1.41781280E-06  1.22022810E+13  2.38653808E-01  0.00000000E+00  2.38653808E-01
   127  1.46546729E-06  1.22025472E+13  2.46670120E-01  0.00000000E+00  2.46670120E-01
   128  1.51455405E-06  1.22028304E+13  2.54926831E-01  0.00000000E+00  2.54926831E-01
   129  1.56510707E-06  1.22031316E+13  2.63429593E-01  0.00000000E+00  2.63429593E-01
   130  1.61716064E-06  1.22034519E+13  2.72184097E-01  0.00000000E+00  2.72184097E-01
   131  1.67074930E-06  1.22037922E+13  2.81196075E-01  0.00000000E+00  2.81196075E-01
   132  1.72590784E-06  1.22041538E+13  2.90471290E-01  0.00000000E+00  2.90471290E-01
   133  1.78267126E-06  1.22045378E+13  3.00015532E-01  0.00000000E+00  3.00015532E-01
   134  1.84107470E-06  1.22049455E+13  3.09834611E-01  0.00000000E+00  3.09834611E-01
   135  1.90115351E-06  1.22053782E+13  3.19934354E-01  0.00000000E+00  3.19934354E-01
   136  1.96294308E-06  1.22058371E+13  3.30320593E-01  0.00000000E+00  3.30320593E-01
   137  2.02647893E-06  1.22063237E+13  3.40999166E-01  0.00000000E+00  3.40999166E-01
   138  2.09179660E-06  1.22068395E+13  3.51975903E-01  0.00000000E+00  3.51975903E-01
   139  2.15893162E-06  1.22073859E+13  3.63256623E-01  0.00000000E+00  3.63256623E-01
   140  2.22791951E-06  1.22079646E+13  3.74847123E-01  0.00000000E+00  3.74847123E-01
   141  2.29879568E-06  1.22085771E+13  3.86753177E-01  0.00000000E+00  3.86753177E-01
   142  2.37159546E-06  1.22092252E+13  3.98980521E-01  0.00000000E+00  3.98980521E-01
   143  2.44635401E-06  1.22099106E+13  4.11534848E-01  0.00000000E+00  4.11534848E-01
   144  2.52310627E-06  1.22106350E+13  4.24421801E-01  0.00000000E+00  4.24421801E-01
   145  2.60188698E-06  1.22114004E+13  4.37646964E-01  0.00000000E+00  4.37646964E-01
   146  2.68273056E-06  1.22122086E+13  4.51215851E-01  0.00000000E+00  4.51215851E-01
   147  2.76567113E-06  1.22130617E+13  4.65133901E-01  0.00000000E+00  4.65133901E-01
   148  2.85074241E-06  1.22139615E+13  4.79406467E-01  0.00000000E+00  4.79406467E-01
   149  2.93797774E-06  1.22149102E+13  4.94038810E-01  0.00000000E+00  4.94038810E-01
   150  3.02740998E-06  1.22159099E+13  5.09036087E-01  0.00000000E+00  5.09036087E-01
   151  3.11907150E-06  1.22169627E+13  5.24403342E-01  0.00000000E+00  5.24403342E-01
   152  3.21299411E-06  1.22180708E+13  5.40145501E-01  0.00000000E+00  5.40145501E-01
   153  3.30920907E-06  1.22192365E+13  5.56267361E-01  0.00000000E+00  5.56267361E-01
   154  3.40774697E-06  1.22204618E+13  5.72773579E-01  0.00000000E+00  5.72773579E-01
   155  3.50863776E-06  1.22217493E+13  5.89668666E-01  0.00000000E+00  5.89668666E-01
   156  3.61191068E-06  1.22231010E+13  6.06956980E-01  0.00000000E+00  6.06956980E-01
   157  3.71759420E-06  1.22245194E+13  6.24642713E-01  0.00000000E+00  6.24642713E-01
   158  3.82571604E-06  1.22260066E+13  6.42729886E-01  0.00000000E+00  6.42729886E-01
   159  3.93630307E-06  1.22275651E+13  6.61222339E-01  0.00000000E+00  6.61222339E-01
   160  4.04938131E-06  1.22291970E+13  6.80123724E-01  0.00000000E+00  6.80123724E-01
   161  4.16497590E-06  1.22309046E+13  6.99437499E-01  0.00000000E+00  6.99437499E-01
   162  4.28311105E-06  1.22326902E+13  7.19166915E-01  0.00000000E+00  7.19166915E-01
   163  4.40381001E-06  1.22345558E+13  7.39315015E-01  0.00000000E+00  7.39315015E-01
   164  4.52709507E-06  1.22365036E+13  7.59884623E-01  0.00000000E+00  7.59884623E-01
   165  4.65298749E-06  1.22385356E+13  7.80878338E-01  0.00000000E+00  7.80878338E-01
   166  4.78150752E-06  1.22406537E+13  8.02298531E-01  0.00000000E+00  8.02298531E-01
   167  4.91267436E-06  1.22428597E+13  8.24147332E-01  0.00000000E+00  8.24147332E-01
   168  5.04650610E-06  1.22451554E+13  8.46426629E-01  0.00000000E+00  8.46426629E-01
   169  5.18301980E-06  1.22475422E+13  8.69138065E-01  0.00000000E+00  8.69138065E-01
   170  5.32223136E-06  1.22500216E+13  8.92283027E-01  0.00000000E+00  8.92283027E-01
   171  5.46415560E-06  1.22525947E+13  9.15862642E-01  0.00000000E+00  9.15862642E-01
   172  5.60880619E-06  1.22552625E+13  9.39877780E-01  0.00000000E+00  9.39877780E-01
   173  5.75619567E-06  1.22580259E+13  9.64329041E-01  0.00000000E+00  9.64329041E-01
   174  5.90633546E-06  1.22608851E+13  9.89216756E-01  0.00000000E+00  9.89216756E-01
   175  6.05923579E-06  1.22638406E+13  1.01454098E+00  0.00000000E+00  1.01454098E+00
   176  6.21490577E-06  1.22668922E+13  1.04030151E+00  0.00000000E+00  1.04030151E+00
   177  6.37335338E-06  1.22700394E+13  1.06649783E+00  0.00000000E+00  1.06649783E+00
   178  6.53458542E-06  1.22732814E+13  1.09312918E+00  0.00000000E+00  1.09312918E+00
   179  6.69860758E-06  1.22766171E+13  1.12019449E+00  0.00000000E+00  1.12019449E+00
   180  6.86542441E-06  1.22800447E+13  1.14769243E+00  0.00000000E+00  1.14769243E+00
   181  7.03503933E-06  1.22835621E+13  1.17562138E+00  0.00000000E+00  1.17562138E+00
   182  7.20745468E-06  1.22871668E+13  1.20397942E+00  0.00000000E+00  1.20397942E+00
   183  7.38267167E-06  1.22908554E+13  1.23276437E+00  0.00000000E+00  1.23276437E+00
   184  7.56069046E-06  1.22946244E+13  1.26197374E+00  0.00000000E+00  1.26197374E+00
   185  7.74151012E-06  1.22984692E+13  1.29160479E+00  0.00000000E+00  1.29160479E+00
   186  7.92512870E-06  1.23023849E+13  1.32165445E+00  0.00000000E+00  1.32165445E+00
   187  8.11154320E-06  1.23063656E+13  1.35211941E+00  0.00000000E+00  1.35211941E+00
   188  8.30074963E-06  1.23104048E+13  1.38299607E+00  0.00000000E+00  1.38299607E+00
   189  8.49274302E-06  1.23144953E+13  1.41428054E+00  0.00000000E+00  1.41428054E+00
   190  8.68751745E-06  1.23186289E+13  1.44596865E+00  0.00000000E+00  1.44596865E+00
   191  8.88506603E-06  1.23227965E+13  1.47805598E+00  0.00000000E+00  1.47805598E+00
   192  9.08538102E-06  1.23269882E+13  1.51053781E+00  0.00000000E+00  1.51053781E+00
   193  9.28845375E-06  1.23311930E+13  1.54340917E+00  0.00000000E+00  1.54340917E+00
   194  9.49427473E-06  1.23353989E+13  1.57666482E+00  0.00000000E+00  1.57666482E+00
   195  9.70283362E-06  1.23395927E+13  1.61029925E+00  0.00000000E+00  1.61029925E+00
   196  9.91411931E-06  1.23437604E+13  1.64430669E+00  0.00000000E+00  1.64430669E+00
   197  1.01281199E-05  1.23478865E+13  1.67868112E+00  0.00000000E+00  1.67868112E+00
   198  1.03448228E-05  1.23519543E+13  1.71341626E+00  0.00000000E+00  1.71341626E+00
   199  1.05642146E-05  1.23559461E+13  1.74850559E+00  0.00000000E+00  1.74850559E+00
   200  1.07862813E-05  1.23598425E+13  1.78394234E+00  0.00000000E+00  1.78394234E+00
   201  1.10110083E-05  1.23636230E+13  1.81971950E+00  0.00000000E+00  1.81971950E+00
   202  1.12383803E-05  1.23672656E+13  1.85582981E+00  0.00000000E+00  1.85582981E+00
   203  1.14683815E-05  1.23707469E+13  1.89226579E+00  0.00000000E+00  1.89226579E+00
   204  1.17009953E-05  1.23740418E+13  1.92901974E+00  0.00000000E+00  1.92901974E+00
   205  1.19362049E-05  1.23771240E+13  1.96608371E+00  0.00000000E+00  1.96608371E+00
   206  1.21739928E-05  1.23799654E+13  2.00344956E+00  0.00000000E+00  2.00344956E+00
   207  1.24143411E-05  1.23825363E+13  2.04110891E+00  0.00000000E+00  2.04110891E+00
   208  1.26572313E-05  1.23848055E+13  2.07905319E+00  0.00000000E+00  2.07905319E+00
   209  1.29026449E-05  1.23867401E+13  2.11727361E+00  0.00000000E+00  2.11727361E+00
   210  1.31505624E-05  1.23883053E+13  2.15576118E+00  0.00000000E+00  2.15576118E+00
   211  1.34009646E-05  1.23894651E+13  2.19450673E+00  0.00000000E+00  2.19450673E+00
   212  1.36538314E-05  1.23901813E+13  2.23350088E+00  0.00000000E+00  2.23350088E+00
   213  1.39091427E-05  1.23904144E+13  2.27273408E+00  0.00000000E+00  2.27273408E+00
   214  1.41668782E-05  1.23901228E+13  2.31219659E+00  0.00000000E+00  2.31219659E+00
   215  1.44270170E-05  1.23892636E+13  2.35187850E+00  0.00000000E+00  2.35187850E+00
   216  1.46895382E-05  1.23877919E+13  2.39176973E+00  0.00000000E+00  2.39176973E+00
   217  1.49544208E-05  1.23856614E+13  2.43186004E+00  0.00000000E+00  2.43186004E+00
   218  1.52216433E-05  1.23828241E+13  2.47213901E+00  0.00000000E+00  2.47213901E+00
   219  1.54911842E-05  1.23792302E+13  2.51259610E+00  0.00000000E+00  2.51259610E+00
   220  1.57630220E-05  1.23748287E+13  2.55322060E+00  0.00000000E+00  2.55322060E+00
   221  1.60371348E-05  1.23695668E+13  2.59400167E+00  0.00000000E+00  2.59400167E+00
   222  1.63135008E-05  1.23633905E+13  2.63492833E+00  0.00000000E+00  2.63492833E+00
   223  1.65920981E-05  1.23562443E+13  2.67598946E+00  0.00000000E+00  2.67598946E+00
   224  1.68729045E-05  1.23480717E+13  2.71717384E+00  0.00000000E+00  2.71717384E+00
   225  1.71558980E-05  1.23388145E+13  2.75847012E+00  0.00000000E+00  2.75847012E+00
   226  1.74410565E-05  1.23284140E+13  2.79986683E+00  0.00000000E+00  2.79986683E+00
   227  1.77283579E-05  1.23168102E+13  2.84135242E+00  0.00000000E+00  2.84135242E+00
   228  1.80177800E-05  1.23039424E+13  2.88291523E+00  0.00000000E+00  2.88291523E+00
   229  1.83093007E-05  1.22897490E+13  2.92454350E+00  0.00000000E+00  2.92454350E+00
   230  1.86028979E-05  1.22741680E+13  2.96622541E+00  0.00000000E+00  2.96622541E+00
   231  1.88985496E-05  1.22571369E+13  3.00794905E+00  0.00000000E+00  3.00794905E+00
   232  1.91962337E-05  1.22385930E+13  3.04970244E+00  0.00000000E+00  3.04970244E+00
   233  1.94959283E-05  1.22184735E+13  3.09147354E+00  0.00000000E+00  3.09147354E+00
   234  1.97976115E-05  1.21967156E+13  3.13325026E+00  0.00000000E+00  3.13325026E+00
   235  2.01012616E-05  1.21732566E+13  3.17502048E+00  0.00000000E+00  3.17502048E+00
   236  2.04068568E-05  1.21480347E+13  3.21677201E+00  0.00000000E+00  3.21677201E+00
   237  2.07143756E-05  1.21209882E+13  3.25849267E+00  0.00000000E+00  3.25849267E+00
   238  2.10237965E-05  1.20920566E+13  3.30017023E+00  0.00000000E+00  3.30017023E+00
   239  2.13350981E-05  1.20611804E+13  3.34179246E+00  0.00000000E+00  3.34179246E+00
   240  2.16482592E-05  1.20283012E+13  3.38334712E+00  0.00000000E+00  3.38334712E+00
   241  2.19632587E-05  1.19933621E+13  3.42482200E+00  0.00000000E+00  3.42482200E+00
   242  2.22800757E-05  1.19563080E+13  3.46620489E+00  0.00000000E+00  3.46620489E+00
   243  2.25986894E-05  1.19170857E+13  3.50748359E+00  0.00000000E+00  3.50748359E+00
   244  2.29190791E-05  1.18756439E+13  3.54864596E+00  0.00000000E+00  3.54864596E+00
   245  2.32412243E-05  1.18319338E+13  3.58967989E+00  0.00000000E+00  3.58967989E+00
   246  2.35651048E-05  1.17859091E+13  3.63057334E+00  0.00000000E+00  3.63057334E+00
   247  2.38907003E-05  1.17375262E+13  3.67131431E+00  0.00000000E+00  3.67131431E+00
   248  2.42179910E-05  1.16867445E+13  3.71189090E+00  0.00000000E+00  3.71189090E+00
   249  2.45469570E-05  1.16335267E+13  3.75229128E+00  0.00000000E+00  3.75229128E+00
   250  2.48775787E-05  1.15778384E+13  3.79250372E+00  0.00000000E+00  3.79250372E+00
   251  2.52098367E-05  1.15196493E+13  3.83251659E+00  0.00000000E+00  3.83251659E+00
   252  2.55437117E-05  1.14589322E+13  3.87231838E+00  0.00000000E+00  3.87231838E+00
   253  2.58791847E-05  1.13956643E+13  3.91189771E+00  0.00000000E+00  3.91189771E+00
   254  2.62162369E-05  1.13298265E+13  3.95124332E+00  0.00000000E+00  3.95124332E+00
   255  2.65548495E-05  1.12614039E+13  3.99034413E+00  0.00000000E+00  3.99034413E+00
   256  2.68950041E-05  1.11903860E+13  4.02918917E+00  0.00000000E+00  4.02918917E+00
   257  2.72366824E-05  1.11167665E+13  4.06776769E+00  0.00000000E+00  4.06776769E+00
   258  2.75798664E-05  1.10405437E+13  4.10606908E+00  0.00000000E+00  4.10606908E+00
   259  2.79245382E-05  1.09617205E+13  4.14408293E+00  0.00000000E+00  4.14408293E+00
   260  2.82706800E-05  1.08803044E+13  4.18179904E+00  0.00000000E+00  4.18179904E+00
   261  2.86182745E-05  1.07963075E+13  4.21920739E+00  0.00000000E+00  4.21920739E+00
   262  2.89673043E-05  1.07097468E+13  4.25629822E+00  0.00000000E+00  4.25629822E+00
   263  2.93177525E-05  1.06206438E+13  4.29306195E+00  0.00000000E+00  4.29306195E+00
   264  2.96696020E-05  1.05290248E+13  4.32948928E+00  0.00000000E+00  4.32948928E+00
   265  3.00228363E-05  1.04349210E+13  4.36557112E+00  0.00000000E+00  4.36557112E+00
   266  3.03774388E-05  1.03383678E+13  4.40129867E+00  0.00000000E+00  4.40129867E+00
   267  3.07333933E-05  1.02394056E+13  4.43666337E+00  0.00000000E+00  4.43666337E+00
   268  3.10906838E-05  1.01380791E+13  4.47165693E+00  0.00000000E+00  4.47165693E+00
   269  3.14492943E-05  1.00344374E+13  4.50627135E+00  0.00000000E+00  4.50627135E+00
   270  3.18092091E-05  9.92853417E+12  4.54049892E+00  0.00000000E+00  4.54049892E+00
   271  3.21704129E-05  9.82042689E+12  4.57433222E+00  0.00000000E+00  4.57433222E+00
   272  3.25328903E-05  9.71017728E+12  4.60776412E+00  0.00000000E+00  4.60776412E+00
   273  3.28966262E-05  9.59785089E+12  4.64078781E+00  0.00000000E+00  4.64078781E+00
   274  3.32616057E-05  9.48351699E+12  4.67339681E+00  0.00000000E+00  4.67339681E+00
   275  3.36278142E-05  9.36724836E+12  4.70558492E+00  0.00000000E+00  4.70558492E+00
   276  3.39952370E-05  9.24912110E+12  4.73734629E+00  0.00000000E+00  4.73734629E+00
   277  3.43638600E-05  9.12921445E+12  4.76867539E+00  0.00000000E+00  4.76867539E+00
   278  3.47336689E-05  9.00761056E+12  4.79956703E+00  0.00000000E+00  4.79956703E+00
   279  3.51046498E-05  8.88439426E+12  4.83001636E+00  0.00000000E+00  4.83001636E+00
   280  3.54767889E-05  8.75965286E+12  4.86001885E+00  0.00000000E+00  4.86001885E+00
   281  3.58500727E-05  8.63347588E+12  4.88957033E+00  0.00000000E+00  4.88957033E+00
   282  3.62244877E-05  8.50595486E+12  4.91866697E+00  0.00000000E+00  4.91866697E+00
   283  3.66000207E-05  8.37718310E+12  4.94730527E+00  0.00000000E+00  4.94730527E+00
   284  3.69766587E-05  8.24725541E+12  4.97548211E+00  0.00000000E+00  4.97548211E+00
   285  3.73543888E-05  8.11626789E+12  5.00319468E+00  0.00000000E+00  5.00319468E+00
   286  3.77331984E-05  7.98431769E+12  5.03044054E+00  0.00000000E+00  5.03044054E+00
   287  3.81130748E-05  7.85150279E+12  5.05721760E+00  0.00000000E+00  5.05721760E+00
   288  3.84940057E-05  7.71792174E+12  5.08352409E+00  0.00000000E+00  5.08352409E+00
   289  3.88759790E-05  7.58367346E+12  5.10935862E+00  0.00000000E+00  5.10935862E+00
   290  3.92589825E-05  7.44885702E+12  5.13472011E+00  0.00000000E+00  5.13472011E+00
   291  3.96430046E-05  7.31357141E+12  5.15960784E+00  0.00000000E+00  5.15960784E+00
   292  4.00280334E-05  7.17791536E+12  5.18402143E+00  0.00000000E+00  5.18402143E+00
   293  4.04140574E-05  7.04198714E+12  5.20796080E+00  0.00000000E+00  5.20796080E+00
   294  4.08010653E-05  6.90588435E+12  5.23142625E+00  0.00000000E+00  5.23142625E+00
   295  4.11890459E-05  6.76970378E+12  5.25441837E+00  0.00000000E+00  5.25441837E+00
   296  4.15779880E-05  6.63354122E+12  5.27693807E+00  0.00000000E+00  5.27693807E+00
   297  4.19678807E-05  6.49749129E+12  5.29898661E+00  0.00000000E+00  5.29898661E+00
   298  4.23587134E-05  6.36164732E+12  5.32056552E+00  0.00000000E+00  5.32056552E+00
   299  4.27504753E-05  6.22610121E+12  5.34167665E+00  0.00000000E+00  5.34167665E+00
   300  4.31431561E-05  6.09094327E+12  5.36232216E+00  0.00000000E+00  5.36232216E+00
   301  4.35367453E-05  5.95626214E+12  5.38250448E+00  0.00000000E+00  5.38250448E+00
   302  4.39312328E-05  5.82214468E+12  5.40222635E+00  0.00000000E+00  5.40222635E+00
   303  4.43266086E-05  5.68867583E+12  5.42149076E+00  0.00000000E+00  5.42149076E+00
   304  4.47228628E-05  5.55593857E+12  5.44030099E+00  0.00000000E+00  5.44030099E+00
   305  4.51199856E-05  5.42401383E+12  5.45866058E+00  0.00000000E+00  5.45866058E+00
   306  4.55179673E-05  5.29298038E+12  5.47657330E+00  0.00000000E+00  5.47657330E+00
   307  4.59167985E-05  5.16291482E+12  5.49404320E+00  0.00000000E+00  5.49404320E+00
   308  4.63164698E-05  5.03389146E+12  5.51107456E+00  0.00000000E+00  5.51107456E+00
   309  4.67169720E-05  4.90598233E+12  5.52767185E+00  0.00000000E+00  5.52767185E+00
   310  4.71182959E-05  4.77925710E+12  5.54383982E+00  0.00000000E+00  5.54383982E+00
   311  4.75204326E-05  4.65378302E+12  5.55958338E+00  0.00000000E+00  5.55958338E+00
   312  4.79233732E-05  4.52962494E+12  5.57490766E+00  0.00000000E+00  5.57490766E+00
   313  4.83271091E-05  4.40684523E+12  5.58981799E+00  0.00000000E+00  5.58981799E+00
   314  4.87316314E-05  4.28550375E+12  5.60431986E+00  0.00000000E+00  5.60431986E+00
   315  4.91369319E-05  4.16565787E+12  5.61841894E+00  0.00000000E+00  5.61841894E+00
   316  4.95430020E-05  4.04736239E+12  5.63212108E+00  0.00000000E+00  5.63212108E+00
   317  4.99498335E-05  3.93066955E+12  5.64543225E+00  0.00000000E+00  5.64543225E+00
   318  5.03574183E-05  3.81562900E+12  5.65835858E+00  0.00000000E+00  5.65835858E+00
   319  5.07657483E-05  3.70228780E+12  5.67090632E+00  0.00000000E+00  5.67090632E+00
   320  5.11748156E-05  3.59069037E+12  5.68308187E+00  0.00000000E+00  5.68308187E+00
   321  5.15846124E-05  3.48087850E+12  5.69489169E+00  0.00000000E+00  5.69489169E+00
   322  5.19951309E-05  3.37289132E+12  5.70634239E+00  0.00000000E+00  5.70634239E+00
   323  5.24063635E-05  3.26676530E+12  5.71744064E+00  0.00000000E+00  5.71744064E+00
   324  5.28183028E-05  3.16253421E+12  5.72819321E+00  0.00000000E+00  5.72819321E+00
   325  5.32309413E-05  3.06022915E+12  5.73860692E+00  0.00000000E+00  5.73860692E+00
   326  5.36442717E-05  2.95987851E+12  5.74868866E+00  0.00000000E+00  5.74868866E+00
   327  5.40582869E-05  2.86150795E+12  5.75844537E+00  0.00000000E+00  5.75844537E+00
   328  5.44729796E-05  2.76514042E+12  5.76788404E+00  0.00000000E+00  5.76788404E+00
   329  5.48883429E-05  2.67079615E+12  5.77701167E+00  0.00000000E+00  5.77701167E+00
   330  5.53043700E-05  2.57849264E+12  5.78583529E+00  0.00000000E+00  5.78583529E+00
   331  5.57210538E-05  2.48824465E+12  5.79436195E+00  0.00000000E+00  5.79436195E+00
   332  5.61383878E-05  2.40006422E+12  5.80259870E+00  0.00000000E+00  5.80259870E+00
   333  5.65563653E-05  2.31396068E+12  5.81055257E+00  0.00000000E+00  5.81055257E+00
   334  5.69749796E-05  2.22994064E+12  5.81823058E+00  0.00000000E+00  5.81823058E+00
   335  5.73942245E-05  2.14800802E+12  5.82563974E+00  0.00000000E+00  5.82563974E+00
   336  5.78140934E-05  2.06816409E+12  5.83278701E+00  0.00000000E+00  5.83278701E+00
   337  5.82345801E-05  1.99040745E+12  5.83967933E+00  0.00000000E+00  5.83967933E+00
   338  5.86556784E-05  1.91473410E+12  5.84632356E+00  0.00000000E+00  5.84632356E+00
   339  5.90773821E-05  1.84113746E+12  5.85272653E+00  0.00000000E+00  5.85272653E+00
   340  5.94996852E-05  1.76960841E+12  5.85889501E+00  0.00000000E+00  5.85889501E+00
   341  5.99225818E-05  1.70013537E+12  5.86483568E+00  0.00000000E+00  5.86483568E+00
   342  6.03460659E-05  1.63270429E+12  5.87055516E+00  0.00000000E+00  5.87055516E+00
   343  6.07701317E-05  1.56729881E+12  5.87605999E+00  0.00000000E+00  5.87605999E+00
   344  6.11947735E-05  1.50390024E+12  5.88135661E+00  0.00000000E+00  5.88135661E+00
   345  6.16199857E-05  1.44248766E+12  5.88645137E+00  0.00000000E+00  5.88645137E+00
   346  6.20457626E-05  1.38303806E+12  5.89135052E+00  0.00000000E+00  5.89135052E+00
   347  6.24720988E-05  1.32552632E+12  5.89606023E+00  0.00000000E+00  5.89606023E+00
   348  6.28989887E-05  1.26992542E+12  5.90058654E+00  0.00000000E+00  5.90058654E+00
   349  6.33264271E-05  1.21620645E+12  5.90493537E+00  0.00000000E+00  5.90493537E+00
   350  6.37544087E-05  1.16433877E+12  5.90911255E+00  0.00000000E+00  5.90911255E+00
   351  6.41829281E-05  1.11429008E+12  5.91312379E+00  0.00000000E+00  5.91312379E+00
   352  6.46119803E-05  1.06602657E+12  5.91697466E+00  0.00000000E+00  5.91697466E+00
   353  6.50415601E-05  1.01951302E+12  5.92067062E+00  0.00000000E+00  5.92067062E+00
   354  6.54716625E-05  9.74712922E+11  5.92421701E+00  0.00000000E+00  5.92421701E+00
   355  6.59022825E-05  9.31588606E+11  5.92761905E+00  0.00000000E+00  5.92761905E+00
   356  6.63334153E-05  8.90101366E+11  5.93088180E+00  0.00000000E+00  5.93088180E+00
   357  6.67650560E-05  8.50211586E+11  5.93401023E+00  0.00000000E+00  5.93401023E+00
   358  6.71971998E-05  8.11878872E+11  5.93700916E+00  0.00000000E+00  5.93700916E+00
   359  6.76298420E-05  7.75062173E+11  5.93988328E+00  0.00000000E+00  5.93988328E+00
   360  6.80629779E-05  7.39719915E+11  5.94263717E+00  0.00000000E+00  5.94263717E+00
   361  6.84966030E-05  7.05810122E+11  5.94527526E+00  0.00000000E+00  5.94527526E+00
   362  6.89307127E-05  6.73290542E+11  5.94780186E+00  0.00000000E+00  5.94780186E+00
   363  6.93653024E-05  6.42118768E+11  5.95022115E+00  0.00000000E+00  5.95022115E+00
   364  6.98003679E-05  6.12252353E+11  5.95253720E+00  0.00000000E+00  5.95253720E+00
   365  7.02359046E-05  5.83648927E+11  5.95475392E+00  0.00000000E+00  5.95475392E+00
   366  7.06719084E-05  5.56266302E+11  5.95687514E+00  0.00000000E+00  5.95687514E+00
   367  7.11083748E-05  5.30062582E+11  5.95890453E+00  0.00000000E+00  5.95890453E+00
   368  7.15452998E-05  5.04996257E+11  5.96084568E+00  0.00000000E+00  5.96084568E+00
   369  7.19826791E-05  4.81026296E+11  5.96270202E+00  0.00000000E+00  5.96270202E+00
   370  7.24205087E-05  4.58112238E+11  5.96447689E+00  0.00000000E+00  5.96447689E+00
   371  7.28587844E-05  4.36214269E+11  5.96617352E+00  0.00000000E+00  5.96617352E+00
   372  7.32975024E-05  4.15293295E+11  5.96779502E+00  0.00000000E+00  5.96779502E+00
   373  7.37366585E-05  3.95311014E+11  5.96934440E+00  0.00000000E+00  5.96934440E+00
   374  7.41762489E-05  3.76229970E+11  5.97082455E+00  0.00000000E+00  5.97082455E+00
   375  7.46162698E-05  3.58013610E+11  5.97223827E+00  0.00000000E+00  5.97223827E+00
   376  7.50567173E-05  3.40626329E+11  5.97358827E+00  0.00000000E+00  5.97358827E+00
   377  7.54975877E-05  3.24033510E+11  5.97487714E+00  0.00000000E+00  5.97487714E+00
   378  7.59388772E-05  3.08201556E+11  5.97610738E+00  0.00000000E+00  5.97610738E+00
   379  7.63805821E-05  2.93097916E+11  5.97728143E+00  0.00000000E+00  5.97728143E+00
   380  7.68226989E-05  2.78691105E+11  5.97840159E+00  0.00000000E+00  5.97840159E+00
   381  7.72652239E-05  2.64950715E+11  5.97947012E+00  0.00000000E+00  5.97947012E+00
   382  7.77081536E-05  2.51847428E+11  5.98048918E+00  0.00000000E+00  5.98048918E+00
   383  7.81514844E-05  2.39353012E+11  5.98146083E+00  0.00000000E+00  5.98146083E+00
   384  7.85952130E-05  2.27440322E+11  5.98238709E+00  0.00000000E+00  5.98238709E+00
   385  7.90393358E-05  2.16083289E+11  5.98326988E+00  0.00000000E+00  5.98326988E+00
   386  7.94838496E-05  2.05256911E+11  5.98411105E+00  0.00000000E+00  5.98411105E+00
   387  7.99287509E-05  1.94937233E+11  5.98491238E+00  0.00000000E+00  5.98491238E+00
   388  8.03740364E-05  1.85101328E+11  5.98567559E+00  0.00000000E+00  5.98567559E+00
   389  8.08197030E-05  1.75727275E+11  5.98640234E+00  0.00000000E+00  5.98640234E+00
   390  8.12657473E-05  1.66794133E+11  5.98709420E+00  0.00000000E+00  5.98709420E+00
   391  8.17121662E-05  1.58281907E+11  5.98775271E+00  0.00000000E+00  5.98775271E+00
   392  8.21589566E-05  1.50171526E+11  5.98837933E+00  0.00000000E+00  5.98837933E+00
   393  8.26061152E-05  1.42444803E+11  5.98897547E+00  0.00000000E+00  5.98897547E+00
   394  8.30536391E-05  1.35084405E+11  5.98954250E+00  0.00000000E+00  5.98954250E+00
   395  8.35015252E-05  1.28073820E+11  5.99008170E+00  0.00000000E+00  5.99008170E+00
   396  8.39497705E-05  1.21397318E+11  5.99059435E+00  0.00000000E+00  5.99059435E+00
   397  8.43983719E-05  1.15039918E+11  5.99108163E+00  0.00000000E+00  5.99108163E+00
   398  8.48473267E-05  1.08987352E+11  5.99154471E+00  0.00000000E+00  5.99154471E+00
   399  8.52966318E-05  1.03226029E+11  5.99198470E+00  0.00000000E+00  5.99198470E+00
   400  8.57462845E-05  9.77430040E+10  5.99240267E+00  0.00000000E+00  5.99240267E+00
   401  8.61962817E-05  9.25259385E+10  5.99279963E+00  0.00000000E+00  5.99279963E+00
   402  8.66466209E-05  8.75630717E+10  5.99317657E+00  0.00000000E+00  5.99317657E+00
   403  8.70972991E-05  8.28431871E+10  5.99353444E+00  0.00000000E+00  5.99353444E+00
   404  8.75483136E-05  7.83555816E+10  5.99387413E+00  0.00000000E+00  5.99387413E+00
   405  8.79996618E-05  7.40900361E+10  5.99419651E+00  0.00000000E+00  5.99419651E+00
   406  8.84513409E-05  7.00367877E+10  5.99450242E+00  0.00000000E+00  5.99450242E+00
   407  8.89033483E-05  6.61865025E+10  5.99479265E+00  0.00000000E+00  5.99479265E+00
   408  8.93556813E-05  6.25302507E+10  5.99506797E+00  0.00000000E+00  5.99506797E+00
   409  8.98083374E-05  5.90594832E+10  5.99532909E+00  0.00000000E+00  5.99532909E+00
   410  9.02613140E-05  5.57660088E+10  5.99557673E+00  0.00000000E+00  5.99557673E+00
   411  9.07146086E-05  5.26419741E+10  5.99581154E+00  0.00000000E+00  5.99581154E+00
   412  9.11682186E-05  4.96798444E+10  5.99603417E+00  0.00000000E+00  5.99603417E+00
   413  9.16221416E-05  4.68723853E+10  5.99624523E+00  0.00000000E+00  5.99624523E+00
   414  9.20763752E-05  4.42126474E+10  5.99644530E+00  0.00000000E+00  5.99644530E+00
   415  9.25309168E-05  4.16939504E+10  5.99663494E+00  0.00000000E+00  5.99663494E+00
   416  9.29857641E-05  3.93098702E+10  5.99681468E+00  0.00000000E+00  5.99681468E+00
   417  9.34409147E-05  3.70542257E+10  5.99698502E+00  0.00000000E+00  5.99698502E+00
   418  9.38963663E-05  3.49210681E+10  5.99714646E+00  0.00000000E+00  5.99714646E+00
   419  9.43521166E-05  3.29046704E+10  5.99729943E+00  0.00000000E+00  5.99729943E+00
   420  9.48081632E-05  3.09995177E+10  5.99744440E+00  0.00000000E+00  5.99744440E+00
   421  9.52645038E-05  2.92002995E+10  5.99758177E+00  0.00000000E+00  5.99758177E+00
   422  9.57211364E-05  2.75019014E+10  5.99771194E+00  0.00000000E+00  5.99771194E+00
   423  9.61780585E-05  2.58993987E+10  5.99783528E+00  0.00000000E+00  5.99783528E+00
   424  9.66352680E-05  2.43880499E+10  5.99795216E+00  0.00000000E+00  5.99795216E+00
   425  9.70927627E-05  2.29632910E+10  5.99806292E+00  0.00000000E+00  5.99806292E+00
   426  9.75505405E-05  2.16207305E+10  5.99816787E+00  0.00000000E+00  5.99816787E+00
   427  9.80085993E-05  2.03561448E+10  5.99826732E+00  0.00000000E+00  5.99826732E+00
   428  9.84669369E-05  1.91654733E+10  5.99836157E+00  0.00000000E+00  5.99836157E+00
   429  9.89255512E-05  1.80448151E+10  5.99845089E+00  0.00000000E+00  5.99845089E+00
   430  9.93844402E-05  1.69904246E+10  5.99853554E+00  0.00000000E+00  5.99853554E+00
   431  9.98436018E-05  1.59987080E+10  5.99861577E+00  0.00000000E+00  5.99861577E+00
   432  1.00303034E-04  1.50662203E+10  5.99869180E+00  0.00000000E+00  5.99869180E+00
   433  1.00762735E-04  1.41896615E+10  5.99876387E+00  0.00000000E+00  5.99876387E+00
   434  1.01222703E-04  1.33658736E+10  5.99883218E+00  0.00000000E+00  5.99883218E+00
   435  1.01682935E-04  1.25918376E+10  5.99889692E+00  0.00000000E+00  5.99889692E+00
   436  1.02143430E-04  1.18646698E+10  5.99895830E+00  0.00000000E+00  5.99895830E+00
   437  1.02604185E-04  1.11816193E+10  5.99901647E+00  0.00000000E+00  5.99901647E+00
   438  1.03065200E-04  1.05400644E+10  5.99907161E+00  0.00000000E+00  5.99907161E+00
   439  1.03526472E-04  9.93750978E+09  5.99912388E+00  0.00000000E+00  5.99912388E+00
   440  1.03987999E-04  9.37158283E+09  5.99917342E+00  0.00000000E+00  5.99917342E+00
   441  1.04449779E-04  8.84003075E+09  5.99922038E+00  0.00000000E+00  5.99922038E+00
   442  1.04911811E-04  8.34071708E+09  5.99926489E+00  0.00000000E+00  5.99926489E+00
   443  1.05374092E-04  7.87161830E+09  5.99930707E+00  0.00000000E+00  5.99930707E+00
   444  1.05836621E-04  7.43082045E+09  5.99934705E+00  0.00000000E+00  5.99934705E+00
   445  1.06299397E-04  7.01651559E+09  5.99938493E+00  0.00000000E+00  5.99938493E+00
   446  1.06762417E-04  6.62699826E+09  5.99942082E+00  0.00000000E+00  5.99942082E+00
   447  1.07225680E-04  6.26066193E+09  5.99945482E+00  0.00000000E+00  5.99945482E+00
   448  1.07689183E-04  5.91599535E+09  5.99948703E+00  0.00000000E+00  5.99948703E+00
   449  1.08152926E-04  5.59157887E+09  5.99951753E+00  0.00000000E+00  5.99951753E+00
   450  1.08616906E-04  5.28608080E+09  5.99954641E+00  0.00000000E+00  5.99954641E+00
   451  1.09081123E-04  4.99825372E+09  5.99957375E+00  0.00000000E+00  5.99957375E+00
   452  1.09545573E-04  4.72693075E+09  5.99959963E+00  0.00000000E+00  5.99959963E+00
   453  1.10010257E-04  4.47102190E+09  5.99962411E+00  0.00000000E+00  5.99962411E+00
   454  1.10475171E-04  4.22951040E+09  5.99964727E+00  0.00000000E+00  5.99964727E+00
   455  1.10940315E-04  4.00144905E+09  5.99966917E+00  0.00000000E+00  5.99966917E+00
   456  1.11405686E-04  3.78595662E+09  5.99968988E+00  0.00000000E+00  5.99968988E+00
   457  1.11871284E-04  3.58221432E+09  5.99970944E+00  0.00000000E+00  5.99970944E+00
   458  1.12337106E-04  3.38946228E+09  5.99972793E+00  0.00000000E+00  5.99972793E+00
   459  1.12803152E-04  3.20699615E+09  5.99974538E+00  0.00000000E+00  5.99974538E+00
   460  1.13269420E-04  3.03416374E+09  5.99976185E+00  0.00000000E+00  5.99976185E+00
   461  1.13735907E-04  2.87036175E+09  5.99977739E+00  0.00000000E+00  5.99977739E+00
   462  1.14202613E-04  2.71503262E+09  5.99979205E+00  0.00000000E+00  5.99979205E+00
   463  1.14669537E-04  2.56766142E+09  5.99980586E+00  0.00000000E+00  5.99980586E+00
   464  1.15136676E-04  2.42777294E+09  5.99981887E+00  0.00000000E+00  5.99981887E+00
   465  1.15604029E-04  2.29492877E+09  5.99983112E+00  0.00000000E+00  5.99983112E+00
   466  1.16071595E-04  2.16872461E+09  5.99984264E+00  0.00000000E+00  5.99984264E+00
   467  1.16539373E-04  2.04878761E+09  5.99985348E+00  0.00000000E+00  5.99985348E+00
   468  1.17007360E-04  1.93477392E+09  5.99986367E+00  0.00000000E+00  5.99986367E+00
   469  1.17475556E-04  1.82636625E+09  5.99987324E+00  0.00000000E+00  5.99987324E+00
   470  1.17943960E-04  1.72327168E+09  5.99988222E+00  0.00000000E+00  5.99988222E+00
   471  1.18412569E-04  1.62521951E+09  5.99989064E+00  0.00000000E+00  5.99989064E+00
   472  1.18881383E-04  1.53195926E+09  5.99989854E+00  0.00000000E+00  5.99989854E+00
   473  1.19350399E-04  1.44325884E+09  5.99990593E+00  0.00000000E+00  5.99990593E+00
   474  1.19819618E-04  1.35890278E+09  5.99991285E+00  0.00000000E+00  5.99991285E+00
   475  1.20289037E-04  1.27869061E+09  5.99991933E+00  0.00000000E+00  5.99991933E+00
   476  1.20758655E-04  1.20243538E+09  5.99992538E+00  0.00000000E+00  5.99992538E+00
   477  1.21228471E-04  1.12996229E+09  5.99993103E+00  0.00000000E+00  5.99993103E+00
   478  1.21698484E-04  1.06110741E+09  5.99993630E+00  0.00000000E+00  5.99993630E+00
   479  1.22168692E-04  9.95716530E+08  5.99994122E+00  0.00000000E+00  5.99994122E+00
   480  1.22639094E-04  9.33644124E+08  5.99994580E+00  0.00000000E+00  5.99994580E+00
   481  1.23109689E-04  8.74752408E+08  5.99995006E+00  0.00000000E+00  5.99995006E+00
   482  1.23580476E-04  8.18910493E+08  5.99995403E+00  0.00000000E+00  5.99995403E+00
   483  1.24051453E-04  7.65993626E+08  5.99995771E+00  0.00000000E+00  5.99995771E+00
   484  1.24522619E-04  7.15882530E+08  5.99996113E+00  0.00000000E+00  5.99996113E+00
   485  1.24993973E-04  6.68462813E+08  5.99996430E+00  0.00000000E+00  5.99996430E+00
   486  1.25465514E-04  6.23624459E+08  5.99996725E+00  0.00000000E+00  5.99996725E+00
   487  1.25937240E-04  5.81261388E+08  5.99996997E+00  0.00000000E+00  5.99996997E+00
   488  1.26409151E-04  5.41271073E+08  5.99997249E+00  0.00000000E+00  5.99997249E+00
   489  1.26881245E-04  5.03554229E+08  5.99997482E+00  0.00000000E+00  5.99997482E+00
   490  1.27353521E-04  4.68014538E+08  5.99997697E+00  0.00000000E+00  5.99997697E+00
   491  1.27825978E-04  4.34558439E+08  5.99997895E+00  0.00000000E+00  5.99997895E+00
   492  1.28298615E-04  4.03094946E+08  5.99998078E+00  0.00000000E+00  5.99998078E+00
   493  1.28771430E-04  3.73535514E+08  5.99998247E+00  0.00000000E+00  5.99998247E+00
   494  1.29244424E-04  3.45793928E+08  5.99998401E+00  0.00000000E+00  5.99998401E+00
   495  1.29717593E-04  3.19786229E+08  5.99998544E+00  0.00000000E+00  5.99998544E+00
   496  1.30190938E-04  2.95430663E+08  5.99998675E+00  0.00000000E+00  5.99998675E+00
   497  1.30664458E-04  2.72647639E+08  5.99998795E+00  0.00000000E+00  5.99998795E+00
   498  1.31138150E-04  2.51359720E+08  5.99998905E+00  0.00000000E+00  5.99998905E+00
   499  1.31612015E-04  2.31491614E+08  5.99999006E+00  0.00000000E+00  5.99999006E+00
   500  1.32086051E-04  2.12970183E+08  5.99999098E+00  0.00000000E+00  5.99999098E+00
   501  1.32560257E-04  1.95724451E+08  5.99999182E+00  0.00000000E+00  5.99999182E+00
   502  1.33034632E-04  1.79685625E+08  5.99999259E+00  0.00000000E+00  5.99999259E+00
   503  1.33509175E-04  1.64787111E+08  5.99999329E+00  0.00000000E+00  5.99999329E+00
   504  1.33983886E-04  1.50964539E+08  5.99999393E+00  0.00000000E+00  5.99999393E+00
   505  1.34458762E-04  1.38155775E+08  5.99999452E+00  0.00000000E+00  5.99999452E+00
   506  1.34933803E-04  1.26300945E+08  5.99999505E+00  0.00000000E+00  5.99999505E+00
   507  1.35409008E-04  1.15342438E+08  5.99999553E+00  0.00000000E+00  5.99999553E+00
   508  1.35884377E-04  1.05224922E+08  5.99999597E+00  0.00000000E+00  5.99999597E+00
   509  1.36359907E-04  9.58953421E+07  5.99999637E+00  0.00000000E+00  5.99999637E+00
   510  1.36835599E-04  8.73029175E+07  5.99999673E+00  0.00000000E+00  5.99999673E+00
   511  1.37311450E-04  7.93991318E+07  5.99999705E+00  0.00000000E+00  5.99999705E+00
   512  1.37787461E-04  7.21377169E+07  5.99999735E+00  0.00000000E+00  5.99999735E+00
   513  1.38263630E-04  6.54746304E+07  5.99999762E+00  0.00000000E+00  5.99999762E+00
   514  1.38739957E-04  5.93680266E+07  5.99999786E+00  0.00000000E+00  5.99999786E+00
   515  1.39216440E-04  5.37782211E+07  5.99999808E+00  0.00000000E+00  5.99999808E+00
   516  1.39693078E-04  4.86676506E+07  5.99999827E+00  0.00000000E+00  5.99999827E+00
   517  1.40169871E-04  4.40008259E+07  5.99999845E+00  0.00000000E+00  5.99999845E+00
   518  1.40646818E-04  3.97442810E+07  5.99999861E+00  0.00000000E+00  5.99999861E+00
   519  1.41123917E-04  3.58665168E+07  5.99999876E+00  0.00000000E+00  5.99999876E+00
   520  1.41601169E-04  3.23379417E+07  5.99999889E+00  0.00000000E+00  5.99999889E+00
   521  1.42078571E-04  2.91308077E+07  5.99999900E+00  0.00000000E+00  5.99999900E+00
   522  1.42556124E-04  2.62191446E+07  5.99999911E+00  0.00000000E+00  5.99999911E+00
   523  1.43033826E-04  2.35786905E+07  5.99999920E+00  0.00000000E+00  5.99999920E+00
   524  1.43511676E-04  2.11868220E+07  5.99999929E+00  0.00000000E+00  5.99999929E+00
   525  1.43989674E-04  1.90224817E+07  5.99999936E+00  0.00000000E+00  5.99999936E+00
   526  1.44467819E-04  1.70661057E+07  5.99999943E+00  0.00000000E+00  5.99999943E+00
   527  1.44946109E-04  1.52995503E+07  5.99999949E+00  0.00000000E+00  5.99999949E+00
   528  1.45424545E-04  1.37060194E+07  5.99999955E+00  0.00000000E+00  5.99999955E+00
   529  1.45903125E-04  1.22699911E+07  5.99999960E+00  0.00000000E+00  5.99999960E+00
   530  1.46381848E-04  1.09771472E+07  5.99999964E+00  0.00000000E+00  5.99999964E+00
   531  1.46860714E-04  9.81430191E+06  5.99999968E+00  0.00000000E+00  5.99999968E+00
   532  1.47339722E-04  8.76933348E+06  5.99999971E+00  0.00000000E+00  5.99999971E+00
   533  1.47818871E-04  7.83111706E+06  5.99999974E+00  0.00000000E+00  5.99999974E+00
   534  1.48298160E-04  6.98945970E+06  5.99999977E+00  0.00000000E+00  5.99999977E+00
   535  1.48777589E-04  6.23503761E+06  5.99999980E+00  0.00000000E+00  5.99999980E+00
   536  1.49257156E-04  5.55933581E+06  5.99999982E+00  0.00000000E+00  5.99999982E+00
   537  1.49736861E-04  4.95459032E+06  5.99999984E+00  0.00000000E+00  5.99999984E+00
   538  1.50216704E-04  4.41373290E+06  5.99999986E+00  0.00000000E+00  5.99999986E+00
   539  1.50696682E-04  3.93033856E+06  5.99999987E+00  0.00000000E+00  5.99999987E+00
   540  1.51176797E-04  3.49857572E+06  5.99999989E+00  0.00000000E+00  5.99999989E+00
   541  1.51657046E-04  3.11315910E+06  5.99999990E+00  0.00000000E+00  5.99999990E+00
   542  1.52137430E-04  2.76930539E+06  5.99999991E+00  0.00000000E+00  5.99999991E+00
   543  1.52617946E-04  2.46269150E+06  5.99999992E+00  0.00000000E+00  5.99999992E+00
   544  1.53098596E-04  2.18941560E+06  5.99999993E+00  0.00000000E+00  5.99999993E+00
   545  1.53579378E-04  1.94596059E+06  5.99999994E+00  0.00000000E+00  5.99999994E+00
   546  1.54060290E-04  1.72916016E+06  5.99999994E+00  0.00000000E+00  5.99999994E+00
   547  1.54541334E-04  1.53616724E+06  5.99999995E+00  0.00000000E+00  5.99999995E+00
   548  1.55022507E-04  1.36442480E+06  5.99999996E+00  0.00000000E+00  5.99999996E+00
   549  1.55503809E-04  1.21163881E+06  5.99999996E+00  0.00000000E+00  5.99999996E+00
   550  1.55985240E-04  1.07575338E+06  5.99999997E+00  0.00000000E+00  5.99999997E+00
   551  1.56466799E-04  9.54927866E+05  5.99999997E+00  0.00000000E+00  5.99999997E+00
   552  1.56948484E-04  8.47515905E+05  5.99999997E+00  0.00000000E+00  5.99999997E+00
   553  1.57430296E-04  7.52046171E+05  5.99999998E+00  0.00000000E+00  5.99999998E+00
   554  1.57912234E-04  6.67204864E+05  5.99999998E+00  0.00000000E+00  5.99999998E+00
   555  1.58394297E-04  5.91819724E+05  5.99999998E+00  0.00000000E+00  5.99999998E+00
   556  1.58876484E-04  5.24845504E+05  5.99999998E+00  0.00000000E+00  5.99999998E+00
   557  1.59358795E-04  4.65350795E+05  5.99999999E+00  0.00000000E+00  5.99999999E+00
   558  1.59841229E-04  4.12506087E+05  5.99999999E+00  0.00000000E+00  5.99999999E+00
   559  1.60323785E-04  3.65572990E+05  5.99999999E+00  0.00000000E+00  5.99999999E+00
   560  1.60806463E-04  3.23894502E+05  5.99999999E+00  0.00000000E+00  5.99999999E+00
   561  1.61289263E-04  2.86886251E+05  5.99999999E+00  0.00000000E+00  5.99999999E+00
   562  1.61772183E-04  2.54028622E+05  5.99999999E+00  0.00000000E+00  5.99999999E+00
   563  1.62255222E-04  2.24859686E+05  5.99999999E+00  0.00000000E+00  5.99999999E+00
   564  1.62738381E-04  1.98968873E+05  5.99999999E+00  0.00000000E+00  5.99999999E+00
   565  1.63221659E-04  1.75991300E+05  5.99999999E+00  0.00000000E+00  5.99999999E+00
   566  1.63705054E-04  1.55602715E+05  6.00000000E+00  0.00000000E+00  6.00000000E+00
   567  1.64188567E-04  1.37514970E+05  6.00000000E+00  0.00000000E+00  6.00000000E+00
   568  1.64672197E-04  1.21472001E+05  6.00000000E+00  0.00000000E+00  6.00000000E+00
   569  1.65155943E-04  1.07246236E+05  6.00000000E+00  0.00000000E+00  6.00000000E+00
   570  1.65639805E-04  9.46354106E+04  6.00000000E+00  0.00000000E+00  6.00000000E+00
   571  1.66123782E-04  8.34597253E+04  6.00000000E+00  0.00000000E+00  6.00000000E+00
   572  1.66607873E-04  7.35593320E+04  6.00000000E+00  0.00000000E+00  6.00000000E+00
   573  1.67092078E-04  6.47920971E+04  6.00000000E+00  0.00000000E+00  6.00000000E+00
   574  1.67576396E-04  5.70316175E+04  6.00000000E+00  0.00000000E+00  6.00000000E+00
   575  1.68060827E-04  5.01654628E+04  6.00000000E+00  0.00000000E+00  6.00000000E+00
   576  1.68545370E-04  4.40936151E+04  6.00000000E+00  0.00000000E+00  6.00000000E+00
   577  1.69030024E-04  3.87270875E+04  6.00000000E+00  0.00000000E+00  6.00000000E+00
   578  1.69514790E-04  3.39866980E+04  6.00000000E+00  0.00000000E+00  6.00000000E+00
   579  1.69999666E-04  2.98019841E+04  6.00000000E+00  0.00000000E+00  6.00000000E+00
   580  1.70484652E-04  2.61102389E+04  6.00000000E+00  0.00000000E+00  6.00000000E+00
   581  1.70969747E-04  2.28556575E+04  6.00000000E+00  0.00000000E+00  6.00000000E+00
   582  1.71454951E-04  1.99885791E+04  6.00000000E+00  0.00000000E+00  6.00000000E+00
   583  1.71940263E-04  1.74648141E+04  6.00000000E+00  0.00000000E+00  6.00000000E+00
   584  1.72425683E-04  1.52450469E+04  6.00000000E+00  0.00000000E+00  6.00000000E+00
   585  1.72911210E-04  1.32943048E+04  6.00000000E+00  0.00000000E+00  6.00000000E+00
   586  1.73396844E-04  1.15814866E+04  6.00000000E+00  0.00000000E+00  6.00000000E+00
   587  1.73882584E-04  1.00789418E+04  6.00000000E+00  0.00000000E+00  6.00000000E+00
   588  1.74368429E-04  8.76209754E+03  6.00000000E+00  0.00000000E+00  6.00000000E+00
   589  1.74854380E-04  7.60912494E+03  6.00000000E+00  0.00000000E+00  6.00000000E+00
   590  1.75340435E-04  6.60064245E+03  6.00000000E+00  0.00000000E+00  6.00000000E+00
   591  1.75826594E-04  5.71945088E+03  6.00000000E+00  0.00000000E+00  6.00000000E+00
   592  1.76312857E-04  4.95029697E+03  6.00000000E+00  0.00000000E+00  6.00000000E+00
   593  1.76799222E-04  4.27966232E+03  6.00000000E+00  0.00000000E+00  6.00000000E+00
   594  1.77285691E-04  3.69557474E+03  6.00000000E+00  0.00000000E+00  6.00000000E+00
   595  1.77772261E-04  3.18743967E+03  6.00000000E+00  0.00000000E+00  6.00000000E+00
   596  1.78258933E-04  2.74588952E+03  6.00000000E+00  0.00000000E+00  6.00000000E+00
   597  1.78745705E-04  2.36264887E+03  6.00000000E+00  0.00000000E+00  6.00000000E+00
   598  1.79232579E-04  2.03041400E+03  6.00000000E+00  0.00000000E+00  6.00000000E+00
   599  1.79719552E-04  1.74274508E+03  6.00000000E+00  0.00000000E+00  6.00000000E+00
   600  1.80206625E-04  1.49396985E+03  6.00000000E+00  0.00000000E+00  6.00000000E+00
   601  1.80693798E-04  1.27909744E+03  6.00000000E+00  0.00000000E+00  6.00000000E+00
   602  1.81181068E-04  1.09374140E+03  6.00000000E+00  0.00000000E+00  6.00000000E+00
   603  1.81668437E-04  9.34050913E+02  6.00000000E+00  0.00000000E+00  6.00000000E+00
   604  1.82155904E-04  7.96649361E+02  6.00000000E+00  0.00000000E+00  6.00000000E+00
   605  1.82643468E-04  6.78579536E+02  6.00000000E+00  0.00000000E+00  6.00000000E+00
   606  1.83131129E-04  5.77254763E+02  6.00000000E+00  0.00000000E+00  6.00000000E+00
   607  1.83618886E-04  4.90415348E+02  6.00000000E+00  0.00000000E+00  6.00000000E+00
   608  1.84106739E-04  4.16089810E+02  6.00000000E+00  0.00000000E+00  6.00000000E+00
   609  1.84594687E-04  3.52560397E+02  6.00000000E+00  0.00000000E+00  6.00000000E+00
   610  1.85082730E-04  2.98332445E+02  6.00000000E+00  0.00000000E+00  6.00000000E+00
   611  1.85570868E-04  2.52107184E+02  6.00000000E+00  0.00000000E+00  6.00000000E+00
