    Radial grid:  A*(R(I)+R0)+B*LOG(R(I)+R0)+C=I

    R0= 1.78012201018E-08  RN= 3.77945225092E-04
     C= 4.98000000000E+02   N=  996

     A= 1.89832748621E+06   B= 2.78525012550E+01  C= 4.98000000000E+02

    I        R(I)         DIFR(I)
   ----------------------------------
     1  0.0000000E+00  6.3835016E-10
     2  6.2757471E-10  6.6082670E-10
     3  1.3003768E-09  6.8492093E-10
     4  1.9977086E-09  7.0989127E-10
     5  2.7204619E-09  7.3576942E-10
     6  3.4695610E-09  7.6258819E-10
     7  4.2459632E-09  7.9038157E-10
     8  5.0506607E-09  8.1918475E-10
     9  5.8846814E-09  8.4903419E-10
    10  6.7490904E-09  8.7996765E-10
    11  7.6449911E-09  9.1202422E-10
    12  8.5735267E-09  9.4524438E-10
    13  9.5358817E-09  9.7967008E-10
    14  1.0533283E-08  1.0153447E-09
    15  1.1567002E-08  1.0523132E-09
    16  1.2638356E-08  1.0906222E-09
    17  1.3748710E-08  1.1303198E-09
    18  1.4899475E-08  1.1714558E-09
    19  1.6092118E-08  1.2140821E-09
    20  1.7328154E-08  1.2582520E-09
    21  1.8609155E-08  1.3040209E-09
    22  1.9936748E-08  1.3514460E-09
    23  2.1312619E-08  1.4005867E-09
    24  2.2738514E-08  1.4515044E-09
    25  2.4216241E-08  1.5042626E-09
    26  2.5747674E-08  1.5589271E-09
    27  2.7334753E-08  1.6155658E-09
    28  2.8979487E-08  1.6742491E-09
    29  3.0683957E-08  1.7350500E-09
    30  3.2450318E-08  1.7980438E-09
    31  3.4280802E-08  1.8633084E-09
    32  3.6177719E-08  1.9309245E-09
    33  3.8143462E-08  2.0009756E-09
    34  4.0180511E-08  2.0735480E-09
    35  4.2291429E-08  2.1487309E-09
    36  4.4478873E-08  2.2266167E-09
    37  4.6745595E-08  2.3073008E-09
    38  4.9094441E-08  2.3908820E-09
    39  5.1528358E-08  2.4774622E-09
    40  5.4050400E-08  2.5671471E-09
    41  5.6663724E-08  2.6600456E-09
    42  5.9371600E-08  2.7562705E-09
    43  6.2177412E-08  2.8559384E-09
    44  6.5084664E-08  2.9591696E-09
    45  6.8096981E-08  3.0660886E-09
    46  7.1218113E-08  3.1768238E-09
    47  7.4451945E-08  3.2915081E-09
    48  7.7802492E-08  3.4102786E-09
    49  8.1273911E-08  3.5332770E-09
    50  8.4870504E-08  3.6606496E-09
    51  8.8596719E-08  3.7925473E-09
    52  9.2457159E-08  3.9291260E-09
    53  9.6456585E-08  4.0705467E-09
    54  1.0059992E-07  4.2169755E-09
    55  1.0489226E-07  4.3685838E-09
    56  1.0933887E-07  4.5255482E-09
    57  1.1394520E-07  4.6880512E-09
    58  1.1871689E-07  4.8562809E-09
    59  1.2365974E-07  5.0304312E-09
    60  1.2877979E-07  5.2107020E-09
    61  1.3408325E-07  5.3972994E-09
    62  1.3957657E-07  5.5904357E-09
    63  1.4526638E-07  5.7903298E-09
    64  1.5115955E-07  5.9972069E-09
    65  1.5726320E-07  6.2112991E-09
    66  1.6358464E-07  6.4328455E-09
    67  1.7013145E-07  6.6620918E-09
    68  1.7691147E-07  6.8992912E-09
    69  1.8393277E-07  7.1447040E-09
    70  1.9120371E-07  7.3985980E-09
    71  1.9873289E-07  7.6612484E-09
    72  2.0652922E-07  7.9329383E-09
    73  2.1460187E-07  8.2139583E-09
    74  2.2296034E-07  8.5046071E-09
    75  2.3161440E-07  8.8051914E-09
    76  2.4057414E-07  9.1160259E-09
    77  2.4984998E-07  9.4374337E-09
    78  2.5945264E-07  9.7697461E-09
    79  2.6939322E-07  1.0113303E-08
    80  2.7968311E-07  1.0468452E-08
    81  2.9033410E-07  1.0835550E-08
    82  3.0135832E-07  1.1214962E-08
    83  3.1276826E-07  1.1607062E-08
    84  3.2457680E-07  1.2012232E-08
    85  3.3679721E-07  1.2430864E-08
    86  3.4944315E-07  1.2863357E-08
    87  3.6252868E-07  1.3310119E-08
    88  3.7606828E-07  1.3771567E-08
    89  3.9007685E-07  1.4248126E-08
    90  4.0456971E-07  1.4740229E-08
    91  4.1956264E-07  1.5248318E-08
    92  4.3507183E-07  1.5772842E-08
    93  4.5111395E-07  1.6314260E-08
    94  4.6770613E-07  1.6873037E-08
    95  4.8486597E-07  1.7449645E-08
    96  5.0261153E-07  1.8044565E-08
    97  5.2096137E-07  1.8658284E-08
    98  5.3993453E-07  1.9291294E-08
    99  5.5955055E-07  1.9944097E-08
   100  5.7982949E-07  2.0617198E-08
   101  6.0079188E-07  2.1311107E-08
   102  6.2245881E-07  2.2026341E-08
   103  6.4485185E-07  2.2763421E-08
   104  6.6799311E-07  2.3522871E-08
   105  6.9190522E-07  2.4305218E-08
   106  7.1661135E-07  2.5110992E-08
   107  7.4213519E-07  2.5940726E-08
   108  7.6850097E-07  2.6794953E-08
   109  7.9573344E-07  2.7674206E-08
   110  8.2385790E-07  2.8579018E-08
   111  8.5290017E-07  2.9509922E-08
   112  8.8288662E-07  3.0467446E-08
   113  9.1384412E-07  3.1452117E-08
   114  9.4580008E-07  3.2464456E-08
   115  9.7878242E-07  3.3504980E-08
   116  1.0128196E-06  3.4574199E-08
   117  1.0479406E-06  3.5672615E-08
   118  1.0841747E-06  3.6800720E-08
   119  1.1215521E-06  3.7958999E-08
   120  1.1601029E-06  3.9147922E-08
   121  1.1998583E-06  4.0367948E-08
   122  1.2408494E-06  4.1619521E-08
   123  1.2831080E-06  4.2903071E-08
   124  1.3266663E-06  4.4219009E-08
   125  1.3715569E-06  4.5567729E-08
   126  1.4178128E-06  4.6949603E-08
   127  1.4654673E-06  4.8364985E-08
   128  1.5145540E-06  4.9814202E-08
   129  1.5651071E-06  5.1297560E-08
   130  1.6171606E-06  5.2815338E-08
   131  1.6707493E-06  5.4367786E-08
   132  1.7259078E-06  5.5955128E-08
   133  1.7826713E-06  5.7577555E-08
   134  1.8410747E-06  5.9235229E-08
   135  1.9011535E-06  6.0928277E-08
   136  1.9629431E-06  6.2656793E-08
   137  2.0264789E-06  6.4420834E-08
   138  2.0917966E-06  6.6220422E-08
   139  2.1589316E-06  6.8055540E-08
   140  2.2279195E-06  6.9926133E-08
   141  2.2987957E-06  7.1832104E-08
   142  2.3715955E-06  7.3773318E-08
   143  2.4463540E-06  7.5749597E-08
   144  2.5231063E-06  7.7760723E-08
   145  2.6018870E-06  7.9806431E-08
   146  2.6827306E-06  8.1886418E-08
   147  2.7656711E-06  8.4000335E-08
   148  2.8507424E-06  8.6147790E-08
   149  2.9379777E-06  8.8328347E-08
   150  3.0274100E-06  9.0541527E-08
   151  3.1190715E-06  9.2786810E-08
   152  3.2129941E-06  9.5063630E-08
   153  3.3092091E-06  9.7371380E-08
   154  3.4077470E-06  9.9709414E-08
   155  3.5086378E-06  1.0207704E-07
   156  3.6119107E-06  1.0447354E-07
   157  3.7175942E-06  1.0689813E-07
   158  3.8257160E-06  1.0935002E-07
   159  3.9363031E-06  1.1182837E-07
   160  4.0493813E-06  1.1433230E-07
   161  4.1649759E-06  1.1686091E-07
   162  4.2831110E-06  1.1941326E-07
   163  4.4038100E-06  1.2198838E-07
   164  4.5270951E-06  1.2458528E-07
   165  4.6529875E-06  1.2720294E-07
   166  4.7815075E-06  1.2984032E-07
   167  4.9126744E-06  1.3249636E-07
   168  5.0465061E-06  1.3516997E-07
   169  5.1830198E-06  1.3786007E-07
   170  5.3222314E-06  1.4056553E-07
   171  5.4641556E-06  1.4328523E-07
   172  5.6088062E-06  1.4601804E-07
   173  5.7561957E-06  1.4876283E-07
   174  5.9063355E-06  1.5151844E-07
   175  6.0592358E-06  1.5428374E-07
   176  6.2149058E-06  1.5705756E-07
   177  6.3733534E-06  1.5983878E-07
   178  6.5345854E-06  1.6262625E-07
   179  6.6986076E-06  1.6541883E-07
   180  6.8654244E-06  1.6821540E-07
   181  7.0350393E-06  1.7101484E-07
   182  7.2074547E-06  1.7381606E-07
   183  7.3826717E-06  1.7661796E-07
   184  7.5606905E-06  1.7941947E-07
   185  7.7415101E-06  1.8221953E-07
   186  7.9251287E-06  1.8501712E-07
   187  8.1115432E-06  1.8781121E-07
   188  8.3007496E-06  1.9060082E-07
   189  8.4927430E-06  1.9338497E-07
   190  8.6875174E-06  1.9616273E-07
   191  8.8850660E-06  1.9893316E-07
   192  9.0853810E-06  2.0169537E-07
   193  9.2884538E-06  2.0444851E-07
   194  9.4942747E-06  2.0719172E-07
   195  9.7028336E-06  2.0992421E-07
   196  9.9141193E-06  2.1264518E-07
   197  1.0128120E-05  2.1535389E-07
   198  1.0344823E-05  2.1804962E-07
   199  1.0564215E-05  2.2073167E-07
   200  1.0786281E-05  2.2339937E-07
   201  1.1011008E-05  2.2605211E-07
   202  1.1238380E-05  2.2868926E-07
   203  1.1468381E-05  2.3131027E-07
   204  1.1700995E-05  2.3391458E-07
   205  1.1936205E-05  2.3650169E-07
   206  1.2173993E-05  2.3907110E-07
   207  1.2414341E-05  2.4162237E-07
   208  1.2657231E-05  2.4415506E-07
   209  1.2902645E-05  2.4666877E-07
   210  1.3150562E-05  2.4916314E-07
   211  1.3400965E-05  2.5163781E-07
   212  1.3653831E-05  2.5409247E-07
   213  1.3909143E-05  2.5652682E-07
   214  1.4166878E-05  2.5894059E-07
   215  1.4427017E-05  2.6133353E-07
   216  1.4689538E-05  2.6370544E-07
   217  1.4954421E-05  2.6605609E-07
   218  1.5221643E-05  2.6838533E-07
   219  1.5491184E-05  2.7069299E-07
   220  1.5763022E-05  2.7297895E-07
   221  1.6037135E-05  2.7524307E-07
   222  1.6313501E-05  2.7748528E-07
   223  1.6592098E-05  2.7970549E-07
   224  1.6872904E-05  2.8190364E-07
   225  1.7155898E-05  2.8407970E-07
   226  1.7441057E-05  2.8623363E-07
   227  1.7728358E-05  2.8836543E-07
   228  1.8017780E-05  2.9047509E-07
   229  1.8309301E-05  2.9256264E-07
   230  1.8602898E-05  2.9462812E-07
   231  1.8898550E-05  2.9667155E-07
   232  1.9196234E-05  2.9869301E-07
   233  1.9495928E-05  3.0069256E-07
   234  1.9797612E-05  3.0267028E-07
   235  2.0101262E-05  3.0462626E-07
   236  2.0406857E-05  3.0656059E-07
   237  2.0714376E-05  3.0847340E-07
   238  2.1023796E-05  3.1036478E-07
   239  2.1335098E-05  3.1223488E-07
   240  2.1648259E-05  3.1408382E-07
   241  2.1963259E-05  3.1591173E-07
   242  2.2280076E-05  3.1771878E-07
   243  2.2598689E-05  3.1950510E-07
   244  2.2919079E-05  3.2127087E-07
   245  2.3241224E-05  3.2301623E-07
   246  2.3565105E-05  3.2474136E-07
   247  2.3890700E-05  3.2644643E-07
   248  2.4217991E-05  3.2813162E-07
   249  2.4546957E-05  3.2979710E-07
   250  2.4877579E-05  3.3144307E-07
   251  2.5209837E-05  3.3306970E-07
   252  2.5543712E-05  3.3467718E-07
   253  2.5879185E-05  3.3626571E-07
   254  2.6216237E-05  3.3783547E-07
   255  2.6554849E-05  3.3938667E-07
   256  2.6895004E-05  3.4091950E-07
   257  2.7236682E-05  3.4243415E-07
   258  2.7579866E-05  3.4393083E-07
   259  2.7924538E-05  3.4540974E-07
   260  2.8270680E-05  3.4687107E-07
   261  2.8618275E-05  3.4831503E-07
   262  2.8967304E-05  3.4974181E-07
   263  2.9317752E-05  3.5115162E-07
   264  2.9669602E-05  3.5254466E-07
   265  3.0022836E-05  3.5392113E-07
   266  3.0377439E-05  3.5528123E-07
   267  3.0733393E-05  3.5662515E-07
   268  3.1090684E-05  3.5795311E-07
   269  3.1449294E-05  3.5926528E-07
   270  3.1809209E-05  3.6056189E-07
   271  3.2170413E-05  3.6184311E-07
   272  3.2532890E-05  3.6310914E-07
   273  3.2896626E-05  3.6436018E-07
   274  3.3261606E-05  3.6559643E-07
   275  3.3627814E-05  3.6681806E-07
   276  3.3995237E-05  3.6802528E-07
   277  3.4363860E-05  3.6921826E-07
   278  3.4733669E-05  3.7039720E-07
   279  3.5104650E-05  3.7156229E-07
   280  3.5476789E-05  3.7271369E-07
   281  3.5850073E-05  3.7385161E-07
   282  3.6224488E-05  3.7497621E-07
   283  3.6600021E-05  3.7608768E-07
   284  3.6976659E-05  3.7718619E-07
   285  3.7354389E-05  3.7827192E-07
   286  3.7733198E-05  3.7934503E-07
   287  3.8113075E-05  3.8040571E-07
   288  3.8494006E-05  3.8145412E-07
   289  3.8875979E-05  3.8249042E-07
   290  3.9258983E-05  3.8351478E-07
   291  3.9643005E-05  3.8452737E-07
   292  4.0028033E-05  3.8552834E-07
   293  4.0414057E-05  3.8651786E-07
   294  4.0801065E-05  3.8749607E-07
   295  4.1189046E-05  3.8846315E-07
   296  4.1577988E-05  3.8941924E-07
   297  4.1967881E-05  3.9036449E-07
   298  4.2358713E-05  3.9129905E-07
   299  4.2750475E-05  3.9222307E-07
   300  4.3143156E-05  3.9313669E-07
   301  4.3536745E-05  3.9404007E-07
   302  4.3931233E-05  3.9493333E-07
   303  4.4326609E-05  3.9581662E-07
   304  4.4722863E-05  3.9669008E-07
   305  4.5119986E-05  3.9755384E-07
   306  4.5517967E-05  3.9840804E-07
   307  4.5916798E-05  3.9925280E-07
   308  4.6316470E-05  4.0008827E-07
   309  4.6716972E-05  4.0091456E-07
   310  4.7118296E-05  4.0173181E-07
   311  4.7520433E-05  4.0254014E-07
   312  4.7923373E-05  4.0333966E-07
   313  4.8327109E-05  4.0413051E-07
   314  4.8731631E-05  4.0491281E-07
   315  4.9136932E-05  4.0568666E-07
   316  4.9543002E-05  4.0645219E-07
   317  4.9949833E-05  4.0720951E-07
   318  5.0357418E-05  4.0795873E-07
   319  5.0765748E-05  4.0869997E-07
   320  5.1174816E-05  4.0943333E-07
   321  5.1584612E-05  4.1015892E-07
   322  5.1995131E-05  4.1087684E-07
   323  5.2406364E-05  4.1158721E-07
   324  5.2818303E-05  4.1229012E-07
   325  5.3230941E-05  4.1298567E-07
   326  5.3644272E-05  4.1367397E-07
   327  5.4058287E-05  4.1435512E-07
   328  5.4472980E-05  4.1502920E-07
   329  5.4888343E-05  4.1569632E-07
   330  5.5304370E-05  4.1635657E-07
   331  5.5721054E-05  4.1701004E-07
   332  5.6138388E-05  4.1765682E-07
   333  5.6556365E-05  4.1829700E-07
   334  5.6974980E-05  4.1893068E-07
   335  5.7394224E-05  4.1955793E-07
   336  5.7814093E-05  4.2017885E-07
   337  5.8234580E-05  4.2079352E-07
   338  5.8655678E-05  4.2140201E-07
   339  5.9077382E-05  4.2200442E-07
   340  5.9499685E-05  4.2260082E-07
   341  5.9922582E-05  4.2319130E-07
   342  6.0346066E-05  4.2377592E-07
   343  6.0770132E-05  4.2435478E-07
   344  6.1194774E-05  4.2492793E-07
   345  6.1619986E-05  4.2549547E-07
   346  6.2045763E-05  4.2605746E-07
   347  6.2472099E-05  4.2661397E-07
   348  6.2898989E-05  4.2716507E-07
   349  6.3326427E-05  4.2771084E-07
   350  6.3754409E-05  4.2825135E-07
   351  6.4182928E-05  4.2878665E-07
   352  6.4611980E-05  4.2931683E-07
   353  6.5041560E-05  4.2984194E-07
   354  6.5471662E-05  4.3036206E-07
   355  6.5902283E-05  4.3087723E-07
   356  6.6333415E-05  4.3138754E-07
   357  6.6765056E-05  4.3189303E-07
   358  6.7197200E-05  4.3239378E-07
   359  6.7629842E-05  4.3288983E-07
   360  6.8062978E-05  4.3338126E-07
   361  6.8496603E-05  4.3386812E-07
   362  6.8930713E-05  4.3435046E-07
   363  6.9365302E-05  4.3482834E-07
   364  6.9800368E-05  4.3530183E-07
   365  7.0235905E-05  4.3577096E-07
   366  7.0671908E-05  4.3623581E-07
   367  7.1108375E-05  4.3669642E-07
   368  7.1545300E-05  4.3715284E-07
   369  7.1982679E-05  4.3760512E-07
   370  7.2420509E-05  4.3805333E-07
   371  7.2858784E-05  4.3849750E-07
   372  7.3297502E-05  4.3893768E-07
   373  7.3736659E-05  4.3937394E-07
   374  7.4176249E-05  4.3980630E-07
   375  7.4616270E-05  4.4023483E-07
   376  7.5056717E-05  4.4065956E-07
   377  7.5497588E-05  4.4108055E-07
   378  7.5938877E-05  4.4149783E-07
   379  7.6380582E-05  4.4191146E-07
   380  7.6822699E-05  4.4232148E-07
   381  7.7265224E-05  4.4272792E-07
   382  7.7708154E-05  4.4313084E-07
   383  7.8151484E-05  4.4353027E-07
   384  7.8595213E-05  4.4392626E-07
   385  7.9039336E-05  4.4431885E-07
   386  7.9483850E-05  4.4470808E-07
   387  7.9928751E-05  4.4509398E-07
   388  8.0374036E-05  4.4547660E-07
   389  8.0819703E-05  4.4585598E-07
   390  8.1265747E-05  4.4623215E-07
   391  8.1712166E-05  4.4660515E-07
   392  8.2158957E-05  4.4697501E-07
   393  8.2606115E-05  4.4734178E-07
   394  8.3053639E-05  4.4770549E-07
   395  8.3501525E-05  4.4806618E-07
   396  8.3949770E-05  4.4842387E-07
   397  8.4398372E-05  4.4877861E-07
   398  8.4847327E-05  4.4913043E-07
   399  8.5296632E-05  4.4947935E-07
   400  8.5746284E-05  4.4982543E-07
   401  8.6196282E-05  4.5016868E-07
   402  8.6646621E-05  4.5050913E-07
   403  8.7097299E-05  4.5084683E-07
   404  8.7548314E-05  4.5118180E-07
   405  8.7999662E-05  4.5151407E-07
   406  8.8451341E-05  4.5184368E-07
   407  8.8903348E-05  4.5217065E-07
   408  8.9355681E-05  4.5249500E-07
   409  8.9808337E-05  4.5281678E-07
   410  9.0261314E-05  4.5313601E-07
   411  9.0714609E-05  4.5345272E-07
   412  9.1168219E-05  4.5376693E-07
   413  9.1622142E-05  4.5407867E-07
   414  9.2076375E-05  4.5438797E-07
   415  9.2530917E-05  4.5469486E-07
   416  9.2985764E-05  4.5499936E-07
   417  9.3440915E-05  4.5530151E-07
   418  9.3896366E-05  4.5560131E-07
   419  9.4352117E-05  4.5589881E-07
   420  9.4808163E-05  4.5619402E-07
   421  9.5264504E-05  4.5648697E-07
   422  9.5721136E-05  4.5677768E-07
   423  9.6178058E-05  4.5706618E-07
   424  9.6635268E-05  4.5735249E-07
   425  9.7092763E-05  4.5763663E-07
   426  9.7550541E-05  4.5791864E-07
   427  9.8008599E-05  4.5819852E-07
   428  9.8466937E-05  4.5847630E-07
   429  9.8925551E-05  4.5875201E-07
   430  9.9384440E-05  4.5902567E-07
   431  9.9843602E-05  4.5929729E-07
   432  1.0030303E-04  4.5956690E-07
   433  1.0076273E-04  4.5983452E-07
   434  1.0122270E-04  4.6010018E-07
   435  1.0168293E-04  4.6036388E-07
   436  1.0214343E-04  4.6062566E-07
   437  1.0260419E-04  4.6088552E-07
   438  1.0306520E-04  4.6114350E-07
   439  1.0352647E-04  4.6139961E-07
   440  1.0398800E-04  4.6165386E-07
   441  1.0444978E-04  4.6190629E-07
   442  1.0491181E-04  4.6215690E-07
   443  1.0537409E-04  4.6240571E-07
   444  1.0583662E-04  4.6265275E-07
   445  1.0629940E-04  4.6289803E-07
   446  1.0676242E-04  4.6314157E-07
   447  1.0722568E-04  4.6338339E-07
   448  1.0768918E-04  4.6362349E-07
   449  1.0815293E-04  4.6386191E-07
   450  1.0861691E-04  4.6409866E-07
   451  1.0908112E-04  4.6433375E-07
   452  1.0954557E-04  4.6456720E-07
   453  1.1001026E-04  4.6479903E-07
   454  1.1047517E-04  4.6502925E-07
   455  1.1094031E-04  4.6525788E-07
   456  1.1140569E-04  4.6548494E-07
   457  1.1187128E-04  4.6571043E-07
   458  1.1233711E-04  4.6593438E-07
   459  1.1280315E-04  4.6615679E-07
   460  1.1326942E-04  4.6637769E-07
   461  1.1373591E-04  4.6659709E-07
   462  1.1420261E-04  4.6681501E-07
   463  1.1466954E-04  4.6703145E-07
   464  1.1513668E-04  4.6724643E-07
   465  1.1560403E-04  4.6745997E-07
   466  1.1607160E-04  4.6767208E-07
   467  1.1653937E-04  4.6788278E-07
   468  1.1700736E-04  4.6809207E-07
   469  1.1747556E-04  4.6829997E-07
   470  1.1794396E-04  4.6850649E-07
   471  1.1841257E-04  4.6871165E-07
   472  1.1888138E-04  4.6891546E-07
   473  1.1935040E-04  4.6911793E-07
   474  1.1981962E-04  4.6931907E-07
   475  1.2028904E-04  4.6951891E-07
   476  1.2075866E-04  4.6971744E-07
   477  1.2122847E-04  4.6991468E-07
   478  1.2169848E-04  4.7011064E-07
   479  1.2216869E-04  4.7030534E-07
   480  1.2263909E-04  4.7049878E-07
   481  1.2310969E-04  4.7069099E-07
   482  1.2358048E-04  4.7088196E-07
   483  1.2405145E-04  4.7107171E-07
   484  1.2452262E-04  4.7126025E-07
   485  1.2499397E-04  4.7144760E-07
   486  1.2546551E-04  4.7163376E-07
   487  1.2593724E-04  4.7181874E-07
   488  1.2640915E-04  4.7200256E-07
   489  1.2688124E-04  4.7218522E-07
   490  1.2735352E-04  4.7236674E-07
   491  1.2782598E-04  4.7254713E-07
   492  1.2829861E-04  4.7272639E-07
   493  1.2877143E-04  4.7290453E-07
   494  1.2924442E-04  4.7308158E-07
   495  1.2971759E-04  4.7325752E-07
   496  1.3019094E-04  4.7343239E-07
   497  1.3066446E-04  4.7360618E-07
   498  1.3113815E-04  4.7377890E-07
   499  1.3161202E-04  4.7395057E-07
   500  1.3208605E-04  4.7412118E-07
   501  1.3256026E-04  4.7429077E-07
   502  1.3303463E-04  4.7445932E-07
   503  1.3350918E-04  4.7462685E-07
   504  1.3398389E-04  4.7479337E-07
   505  1.3445876E-04  4.7495889E-07
   506  1.3493380E-04  4.7512342E-07
   507  1.3540901E-04  4.7528696E-07
   508  1.3588438E-04  4.7544952E-07
   509  1.3635991E-04  4.7561112E-07
   510  1.3683560E-04  4.7577175E-07
   511  1.3731145E-04  4.7593144E-07
   512  1.3778746E-04  4.7609018E-07
   513  1.3826363E-04  4.7624798E-07
   514  1.3873996E-04  4.7640486E-07
   515  1.3921644E-04  4.7656081E-07
   516  1.3969308E-04  4.7671586E-07
   517  1.4016987E-04  4.7687000E-07
   518  1.4064682E-04  4.7702324E-07
   519  1.4112392E-04  4.7717559E-07
   520  1.4160117E-04  4.7732706E-07
   521  1.4207857E-04  4.7747766E-07
   522  1.4255612E-04  4.7762739E-07
   523  1.4303383E-04  4.7777625E-07
   524  1.4351168E-04  4.7792427E-07
   525  1.4398967E-04  4.7807144E-07
   526  1.4446782E-04  4.7821777E-07
   527  1.4494611E-04  4.7836327E-07
   528  1.4542454E-04  4.7850794E-07
   529  1.4590312E-04  4.7865179E-07
   530  1.4638185E-04  4.7879483E-07
   531  1.4686071E-04  4.7893707E-07
   532  1.4733972E-04  4.7907850E-07
   533  1.4781887E-04  4.7921915E-07
   534  1.4829816E-04  4.7935900E-07
   535  1.4877759E-04  4.7949808E-07
   536  1.4925716E-04  4.7963639E-07
   537  1.4973686E-04  4.7977392E-07
   538  1.5021670E-04  4.7991070E-07
   539  1.5069668E-04  4.8004672E-07
   540  1.5117680E-04  4.8018199E-07
   541  1.5165705E-04  4.8031652E-07
   542  1.5213743E-04  4.8045031E-07
   543  1.5261795E-04  4.8058337E-07
   544  1.5309860E-04  4.8071571E-07
   545  1.5357938E-04  4.8084732E-07
   546  1.5406029E-04  4.8097822E-07
   547  1.5454133E-04  4.8110841E-07
   548  1.5502251E-04  4.8123790E-07
   549  1.5550381E-04  4.8136669E-07
   550  1.5598524E-04  4.8149479E-07
   551  1.5646680E-04  4.8162220E-07
   552  1.5694848E-04  4.8174893E-07
   553  1.5743030E-04  4.8187498E-07
   554  1.5791223E-04  4.8200036E-07
   555  1.5839430E-04  4.8212508E-07
   556  1.5887648E-04  4.8224913E-07
   557  1.5935879E-04  4.8237253E-07
   558  1.5984123E-04  4.8249528E-07
   559  1.6032379E-04  4.8261738E-07
   560  1.6080646E-04  4.8273885E-07
   561  1.6128926E-04  4.8285967E-07
   562  1.6177218E-04  4.8297987E-07
   563  1.6225522E-04  4.8309943E-07
   564  1.6273838E-04  4.8321838E-07
   565  1.6322166E-04  4.8333671E-07
   566  1.6370505E-04  4.8345443E-07
   567  1.6418857E-04  4.8357153E-07
   568  1.6467220E-04  4.8368804E-07
   569  1.6515594E-04  4.8380395E-07
   570  1.6563980E-04  4.8391926E-07
   571  1.6612378E-04  4.8403398E-07
   572  1.6660787E-04  4.8414812E-07
   573  1.6709208E-04  4.8426167E-07
   574  1.6757640E-04  4.8437465E-07
   575  1.6806083E-04  4.8448706E-07
   576  1.6854537E-04  4.8459889E-07
   577  1.6903002E-04  4.8471017E-07
   578  1.6951479E-04  4.8482088E-07
   579  1.6999967E-04  4.8493104E-07
   580  1.7048465E-04  4.8504064E-07
   581  1.7096975E-04  4.8514970E-07
   582  1.7145495E-04  4.8525821E-07
   583  1.7194026E-04  4.8536618E-07
   584  1.7242568E-04  4.8547362E-07
   585  1.7291121E-04  4.8558052E-07
   586  1.7339684E-04  4.8568689E-07
   587  1.7388258E-04  4.8579274E-07
   588  1.7436843E-04  4.8589807E-07
   589  1.7485438E-04  4.8600288E-07
   590  1.7534044E-04  4.8610718E-07
   591  1.7582659E-04  4.8621097E-07
   592  1.7631286E-04  4.8631425E-07
   593  1.7679922E-04  4.8641703E-07
   594  1.7728569E-04  4.8651930E-07
   595  1.7777226E-04  4.8662109E-07
   596  1.7825893E-04  4.8672238E-07
   597  1.7874571E-04  4.8682318E-07
   598  1.7923258E-04  4.8692350E-07
   599  1.7971955E-04  4.8702333E-07
   600  1.8020663E-04  4.8712269E-07
   601  1.8069380E-04  4.8722157E-07
   602  1.8118107E-04  4.8731998E-07
   603  1.8166844E-04  4.8741792E-07
   604  1.8215590E-04  4.8751539E-07
   605  1.8264347E-04  4.8761240E-07
   606  1.8313113E-04  4.8770896E-07
   607  1.8361889E-04  4.8780506E-07
   608  1.8410674E-04  4.8790070E-07
   609  1.8459469E-04  4.8799589E-07
   610  1.8508273E-04  4.8809064E-07
   611  1.8557087E-04  4.8818495E-07
   612  1.8605910E-04  4.8827881E-07
   613  1.8654743E-04  4.8837224E-07
   614  1.8703584E-04  4.8846523E-07
   615  1.8752436E-04  4.8855779E-07
   616  1.8801296E-04  4.8864992E-07
   617  1.8850166E-04  4.8874163E-07
   618  1.8899044E-04  4.8883291E-07
   619  1.8947932E-04  4.8892377E-07
   620  1.8996829E-04  4.8901422E-07
   621  1.9045735E-04  4.8910425E-07
   622  1.9094650E-04  4.8919386E-07
   623  1.9143574E-04  4.8928307E-07
   624  1.9192506E-04  4.8937188E-07
   625  1.9241448E-04  4.8946028E-07
   626  1.9290399E-04  4.8954827E-07
   627  1.9339358E-04  4.8963587E-07
   628  1.9388326E-04  4.8972308E-07
   629  1.9437302E-04  4.8980989E-07
   630  1.9486288E-04  4.8989631E-07
   631  1.9535282E-04  4.8998234E-07
   632  1.9584284E-04  4.9006799E-07
   633  1.9633295E-04  4.9015325E-07
   634  1.9682315E-04  4.9023814E-07
   635  1.9731343E-04  4.9032264E-07
   636  1.9780379E-04  4.9040677E-07
   637  1.9829424E-04  4.9049053E-07
   638  1.9878477E-04  4.9057392E-07
   639  1.9927539E-04  4.9065694E-07
   640  1.9976609E-04  4.9073959E-07
   641  2.0025687E-04  4.9082188E-07
   642  2.0074773E-04  4.9090380E-07
   643  2.0123868E-04  4.9098537E-07
   644  2.0172970E-04  4.9106658E-07
   645  2.0222081E-04  4.9114744E-07
   646  2.0271200E-04  4.9122795E-07
   647  2.0320326E-04  4.9130810E-07
   648  2.0369461E-04  4.9138791E-07
   649  2.0418604E-04  4.9146737E-07
   650  2.0467755E-04  4.9154649E-07
   651  2.0516913E-04  4.9162527E-07
   652  2.0566080E-04  4.9170371E-07
   653  2.0615254E-04  4.9178181E-07
   654  2.0664436E-04  4.9185958E-07
   655  2.0713626E-04  4.9193701E-07
   656  2.0762823E-04  4.9201412E-07
   657  2.0812029E-04  4.9209089E-07
   658  2.0861242E-04  4.9216734E-07
   659  2.0910462E-04  4.9224347E-07
   660  2.0959690E-04  4.9231927E-07
   661  2.1008926E-04  4.9239475E-07
   662  2.1058169E-04  4.9246991E-07
   663  2.1107420E-04  4.9254476E-07
   664  2.1156678E-04  4.9261929E-07
   665  2.1205944E-04  4.9269351E-07
   666  2.1255217E-04  4.9276742E-07
   667  2.1304497E-04  4.9284102E-07
   668  2.1353785E-04  4.9291431E-07
   669  2.1403080E-04  4.9298730E-07
   670  2.1452383E-04  4.9305999E-07
   671  2.1501692E-04  4.9313237E-07
   672  2.1551009E-04  4.9320445E-07
   673  2.1600333E-04  4.9327624E-07
   674  2.1649664E-04  4.9334773E-07
   675  2.1699003E-04  4.9341893E-07
   676  2.1748348E-04  4.9348983E-07
   677  2.1797701E-04  4.9356044E-07
   678  2.1847060E-04  4.9363077E-07
   679  2.1896427E-04  4.9370080E-07
   680  2.1945800E-04  4.9377056E-07
   681  2.1995181E-04  4.9384002E-07
   682  2.2044568E-04  4.9390921E-07
   683  2.2093963E-04  4.9397811E-07
   684  2.2143364E-04  4.9404674E-07
   685  2.2192772E-04  4.9411509E-07
   686  2.2242187E-04  4.9418316E-07
   687  2.2291609E-04  4.9425096E-07
   688  2.2341037E-04  4.9431849E-07
   689  2.2390472E-04  4.9438575E-07
   690  2.2439914E-04  4.9445274E-07
   691  2.2489363E-04  4.9451946E-07
   692  2.2538818E-04  4.9458591E-07
   693  2.2588280E-04  4.9465210E-07
   694  2.2637748E-04  4.9471803E-07
   695  2.2687224E-04  4.9478369E-07
   696  2.2736705E-04  4.9484910E-07
   697  2.2786193E-04  4.9491425E-07
   698  2.2835688E-04  4.9497914E-07
   699  2.2885189E-04  4.9504378E-07
   700  2.2934697E-04  4.9510816E-07
   701  2.2984211E-04  4.9517229E-07
   702  2.3033731E-04  4.9523617E-07
   703  2.3083258E-04  4.9529980E-07
   704  2.3132791E-04  4.9536318E-07
   705  2.3182331E-04  4.9542631E-07
   706  2.3231876E-04  4.9548920E-07
   707  2.3281429E-04  4.9555185E-07
   708  2.3330987E-04  4.9561425E-07
   709  2.3380551E-04  4.9567641E-07
   710  2.3430122E-04  4.9573833E-07
   711  2.3479699E-04  4.9580002E-07
   712  2.3529282E-04  4.9586146E-07
   713  2.3578871E-04  4.9592267E-07
   714  2.3628467E-04  4.9598365E-07
   715  2.3678068E-04  4.9604439E-07
   716  2.3727675E-04  4.9610490E-07
   717  2.3777289E-04  4.9616519E-07
   718  2.3826909E-04  4.9622524E-07
   719  2.3876534E-04  4.9628506E-07
   720  2.3926166E-04  4.9634466E-07
   721  2.3975803E-04  4.9640403E-07
   722  2.4025446E-04  4.9646318E-07
   723  2.4075096E-04  4.9652210E-07
   724  2.4124751E-04  4.9658081E-07
   725  2.4174412E-04  4.9663929E-07
   726  2.4224079E-04  4.9669755E-07
   727  2.4273751E-04  4.9675560E-07
   728  2.4323430E-04  4.9681343E-07
   729  2.4373114E-04  4.9687104E-07
   730  2.4422804E-04  4.9692844E-07
   731  2.4472500E-04  4.9698562E-07
   732  2.4522201E-04  4.9704260E-07
   733  2.4571908E-04  4.9709936E-07
   734  2.4621621E-04  4.9715591E-07
   735  2.4671339E-04  4.9721225E-07
   736  2.4721063E-04  4.9726839E-07
   737  2.4770793E-04  4.9732432E-07
   738  2.4820528E-04  4.9738004E-07
   739  2.4870269E-04  4.9743556E-07
   740  2.4920015E-04  4.9749088E-07
   741  2.4969767E-04  4.9754600E-07
   742  2.5019524E-04  4.9760091E-07
   743  2.5069287E-04  4.9765562E-07
   744  2.5119056E-04  4.9771014E-07
   745  2.5168829E-04  4.9776446E-07
   746  2.5218608E-04  4.9781858E-07
   747  2.5268393E-04  4.9787250E-07
   748  2.5318183E-04  4.9792623E-07
   749  2.5367978E-04  4.9797977E-07
   750  2.5417779E-04  4.9803311E-07
   751  2.5467585E-04  4.9808626E-07
   752  2.5517396E-04  4.9813922E-07
   753  2.5567213E-04  4.9819200E-07
   754  2.5617035E-04  4.9824458E-07
   755  2.5666862E-04  4.9829698E-07
   756  2.5716694E-04  4.9834919E-07
   757  2.5766531E-04  4.9840121E-07
   758  2.5816374E-04  4.9845305E-07
   759  2.5866222E-04  4.9850470E-07
   760  2.5916075E-04  4.9855618E-07
   761  2.5965933E-04  4.9860747E-07
   762  2.6015797E-04  4.9865858E-07
   763  2.6065665E-04  4.9870951E-07
   764  2.6115539E-04  4.9876026E-07
   765  2.6165417E-04  4.9881083E-07
   766  2.6215301E-04  4.9886123E-07
   767  2.6265189E-04  4.9891145E-07
   768  2.6315083E-04  4.9896149E-07
   769  2.6364982E-04  4.9901136E-07
   770  2.6414885E-04  4.9906106E-07
   771  2.6464794E-04  4.9911058E-07
   772  2.6514707E-04  4.9915994E-07
   773  2.6564626E-04  4.9920912E-07
   774  2.6614549E-04  4.9925813E-07
   775  2.6664477E-04  4.9930697E-07
   776  2.6714411E-04  4.9935564E-07
   777  2.6764349E-04  4.9940415E-07
   778  2.6814291E-04  4.9945249E-07
   779  2.6864239E-04  4.9950066E-07
   780  2.6914191E-04  4.9954867E-07
   781  2.6964149E-04  4.9959652E-07
   782  2.7014111E-04  4.9964420E-07
   783  2.7064078E-04  4.9969172E-07
   784  2.7114049E-04  4.9973907E-07
   785  2.7164025E-04  4.9978627E-07
   786  2.7214006E-04  4.9983331E-07
   787  2.7263992E-04  4.9988018E-07
   788  2.7313982E-04  4.9992690E-07
   789  2.7363977E-04  4.9997346E-07
   790  2.7413977E-04  5.0001987E-07
   791  2.7463981E-04  5.0006612E-07
   792  2.7513990E-04  5.0011221E-07
   793  2.7564004E-04  5.0015815E-07
   794  2.7614022E-04  5.0020393E-07
   795  2.7664045E-04  5.0024956E-07
   796  2.7714072E-04  5.0029504E-07
   797  2.7764104E-04  5.0034037E-07
   798  2.7814140E-04  5.0038555E-07
   799  2.7864181E-04  5.0043057E-07
   800  2.7914226E-04  5.0047545E-07
   801  2.7964276E-04  5.0052018E-07
   802  2.8014330E-04  5.0056476E-07
   803  2.8064389E-04  5.0060919E-07
   804  2.8114452E-04  5.0065348E-07
   805  2.8164519E-04  5.0069762E-07
   806  2.8214591E-04  5.0074162E-07
   807  2.8264668E-04  5.0078547E-07
   808  2.8314748E-04  5.0082918E-07
   809  2.8364834E-04  5.0087275E-07
   810  2.8414923E-04  5.0091617E-07
   811  2.8465017E-04  5.0095945E-07
   812  2.8515115E-04  5.0100259E-07
   813  2.8565217E-04  5.0104559E-07
   814  2.8615324E-04  5.0108845E-07
   815  2.8665435E-04  5.0113117E-07
   816  2.8715550E-04  5.0117376E-07
   817  2.8765670E-04  5.0121620E-07
   818  2.8815794E-04  5.0125851E-07
   819  2.8865921E-04  5.0130069E-07
   820  2.8916054E-04  5.0134272E-07
   821  2.8966190E-04  5.0138463E-07
   822  2.9016331E-04  5.0142639E-07
   823  2.9066475E-04  5.0146803E-07
   824  2.9116624E-04  5.0150953E-07
   825  2.9166777E-04  5.0155090E-07
   826  2.9216934E-04  5.0159214E-07
   827  2.9267096E-04  5.0163324E-07
   828  2.9317261E-04  5.0167422E-07
   829  2.9367430E-04  5.0171506E-07
   830  2.9417604E-04  5.0175578E-07
   831  2.9467782E-04  5.0179636E-07
   832  2.9517963E-04  5.0183682E-07
   833  2.9568149E-04  5.0187715E-07
   834  2.9618339E-04  5.0191736E-07
   835  2.9668532E-04  5.0195744E-07
   836  2.9718730E-04  5.0199739E-07
   837  2.9768932E-04  5.0203722E-07
   838  2.9819138E-04  5.0207692E-07
   839  2.9869347E-04  5.0211650E-07
   840  2.9919561E-04  5.0215595E-07
   841  2.9969778E-04  5.0219528E-07
   842  3.0020000E-04  5.0223449E-07
   843  3.0070225E-04  5.0227358E-07
   844  3.0120455E-04  5.0231254E-07
   845  3.0170688E-04  5.0235139E-07
   846  3.0220925E-04  5.0239011E-07
   847  3.0271166E-04  5.0242872E-07
   848  3.0321411E-04  5.0246721E-07
   849  3.0371659E-04  5.0250557E-07
   850  3.0421912E-04  5.0254382E-07
   851  3.0472168E-04  5.0258196E-07
   852  3.0522428E-04  5.0261997E-07
   853  3.0572692E-04  5.0265787E-07
   854  3.0622960E-04  5.0269565E-07
   855  3.0673231E-04  5.0273332E-07
   856  3.0723506E-04  5.0277088E-07
   857  3.0773785E-04  5.0280831E-07
   858  3.0824068E-04  5.0284564E-07
   859  3.0874354E-04  5.0288285E-07
   860  3.0924645E-04  5.0291995E-07
   861  3.0974938E-04  5.0295694E-07
   862  3.1025236E-04  5.0299381E-07
   863  3.1075537E-04  5.0303057E-07
   864  3.1125842E-04  5.0306723E-07
   865  3.1176151E-04  5.0310377E-07
   866  3.1226463E-04  5.0314020E-07
   867  3.1276779E-04  5.0317653E-07
   868  3.1327098E-04  5.0321274E-07
   869  3.1377421E-04  5.0324885E-07
   870  3.1427748E-04  5.0328484E-07
   871  3.1478078E-04  5.0332073E-07
   872  3.1528412E-04  5.0335652E-07
   873  3.1578750E-04  5.0339220E-07
   874  3.1629091E-04  5.0342777E-07
   875  3.1679435E-04  5.0346323E-07
   876  3.1729783E-04  5.0349859E-07
   877  3.1780135E-04  5.0353385E-07
   878  3.1830490E-04  5.0356900E-07
   879  3.1880849E-04  5.0360405E-07
   880  3.1931211E-04  5.0363899E-07
   881  3.1981576E-04  5.0367384E-07
   882  3.2031946E-04  5.0370858E-07
   883  3.2082318E-04  5.0374321E-07
   884  3.2132694E-04  5.0377775E-07
   885  3.2183074E-04  5.0381218E-07
   886  3.2233457E-04  5.0384652E-07
   887  3.2283843E-04  5.0388075E-07
   888  3.2334233E-04  5.0391489E-07
   889  3.2384626E-04  5.0394892E-07
   890  3.2435023E-04  5.0398286E-07
   891  3.2485422E-04  5.0401670E-07
   892  3.2535826E-04  5.0405044E-07
   893  3.2586233E-04  5.0408408E-07
   894  3.2636643E-04  5.0411763E-07
   895  3.2687056E-04  5.0415107E-07
   896  3.2737473E-04  5.0418443E-07
   897  3.2787893E-04  5.0421768E-07
   898  3.2838316E-04  5.0425084E-07
   899  3.2888743E-04  5.0428391E-07
   900  3.2939173E-04  5.0431688E-07
   901  3.2989607E-04  5.0434975E-07
   902  3.3040043E-04  5.0438254E-07
   903  3.3090483E-04  5.0441522E-07
   904  3.3140926E-04  5.0444782E-07
   905  3.3191373E-04  5.0448032E-07
   906  3.3241822E-04  5.0451273E-07
   907  3.3292275E-04  5.0454505E-07
   908  3.3342731E-04  5.0457728E-07
   909  3.3393191E-04  5.0460941E-07
   910  3.3443653E-04  5.0464146E-07
   911  3.3494119E-04  5.0467341E-07
   912  3.3544588E-04  5.0470528E-07
   913  3.3595060E-04  5.0473705E-07
   914  3.3645535E-04  5.0476873E-07
   915  3.3696014E-04  5.0480033E-07
   916  3.3746495E-04  5.0483184E-07
   917  3.3796980E-04  5.0486326E-07
   918  3.3847468E-04  5.0489459E-07
   919  3.3897959E-04  5.0492583E-07
   920  3.3948453E-04  5.0495699E-07
   921  3.3998950E-04  5.0498806E-07
   922  3.4049451E-04  5.0501904E-07
   923  3.4099954E-04  5.0504994E-07
   924  3.4150461E-04  5.0508075E-07
   925  3.4200970E-04  5.0511148E-07
   926  3.4251483E-04  5.0514212E-07
   927  3.4301999E-04  5.0517267E-07
   928  3.4352517E-04  5.0520314E-07
   929  3.4403039E-04  5.0523353E-07
   930  3.4453564E-04  5.0526384E-07
   931  3.4504092E-04  5.0529406E-07
   932  3.4554623E-04  5.0532420E-07
   933  3.4605157E-04  5.0535425E-07
   934  3.4655694E-04  5.0538422E-07
   935  3.4706234E-04  5.0541412E-07
   936  3.4756777E-04  5.0544392E-07
   937  3.4807323E-04  5.0547365E-07
   938  3.4857871E-04  5.0550330E-07
   939  3.4908423E-04  5.0553287E-07
   940  3.4958978E-04  5.0556235E-07
   941  3.5009536E-04  5.0559176E-07
   942  3.5060096E-04  5.0562108E-07
   943  3.5110660E-04  5.0565033E-07
   944  3.5161226E-04  5.0567950E-07
   945  3.5211796E-04  5.0570859E-07
   946  3.5262368E-04  5.0573760E-07
   947  3.5312943E-04  5.0576653E-07
   948  3.5363521E-04  5.0579539E-07
   949  3.5414102E-04  5.0582416E-07
   950  3.5464686E-04  5.0585286E-07
   951  3.5515273E-04  5.0588149E-07
   952  3.5565863E-04  5.0591003E-07
   953  3.5616455E-04  5.0593851E-07
   954  3.5667050E-04  5.0596690E-07
   955  3.5717648E-04  5.0599522E-07
   956  3.5768249E-04  5.0602346E-07
   957  3.5818853E-04  5.0605163E-07
   958  3.5869460E-04  5.0607972E-07
   959  3.5920069E-04  5.0610774E-07
   960  3.5970681E-04  5.0613569E-07
   961  3.6021296E-04  5.0616356E-07
   962  3.6071914E-04  5.0619135E-07
   963  3.6122534E-04  5.0621908E-07
   964  3.6173158E-04  5.0624673E-07
   965  3.6223784E-04  5.0627431E-07
   966  3.6274413E-04  5.0630181E-07
   967  3.6325044E-04  5.0632925E-07
   968  3.6375678E-04  5.0635661E-07
   969  3.6426315E-04  5.0638390E-07
   970  3.6476955E-04  5.0641112E-07
   971  3.6527598E-04  5.0643826E-07
   972  3.6578243E-04  5.0646534E-07
   973  3.6628891E-04  5.0649235E-07
   974  3.6679541E-04  5.0651928E-07
   975  3.6730195E-04  5.0654615E-07
   976  3.6780850E-04  5.0657294E-07
   977  3.6831509E-04  5.0659967E-07
   978  3.6882170E-04  5.0662633E-07
   979  3.6932834E-04  5.0665292E-07
   980  3.6983501E-04  5.0667943E-07
   981  3.7034170E-04  5.0670589E-07
   982  3.7084842E-04  5.0673227E-07
   983  3.7135517E-04  5.0675858E-07
   984  3.7186194E-04  5.0678483E-07
   985  3.7236874E-04  5.0681101E-07
   986  3.7287556E-04  5.0683712E-07
   987  3.7338241E-04  5.0686317E-07
   988  3.7388929E-04  5.0688915E-07
   989  3.7439619E-04  5.0691506E-07
   990  3.7490312E-04  5.0694091E-07
   991  3.7541007E-04  5.0696669E-07
   992  3.7591705E-04  5.0699241E-07
   993  3.7642406E-04  5.0701806E-07
   994  3.7693109E-04  5.0704364E-07
   995  3.7743814E-04  5.0706916E-07
   996  3.7794523E-04  5.0709462E-07
