 #  Scattering amplitudes (in cm)      MU=(1-cos(TH))/2
 #  Z =   6,   projectile: electron
 #  Kinetic energy = 1.52383E+08 eV
 #
 # TH (deg)      MU          Re(F)        Im(F)        Re(G)        Im(G)
 #--------------------------------------------------------------------------
   0.00000000E+00  0.00000000E+00  0.00000E+00  0.00000E+00  0.00000E+00  0.00000E+00
   9.86424329E-05  7.61557484E-13  0.00000E+00  0.00000E+00  0.00000E+00  0.00000E+00
   1.23303221E-04  1.18993704E-12  0.00000E+00  0.00000E+00  0.00000E+00  0.00000E+00
   1.47961852E-04  1.71346271E-12  0.00000E+00  0.00000E+00  0.00000E+00  0.00000E+00
   1.72623359E-04  2.33224551E-12  0.00000E+00  0.00000E+00  0.00000E+00  0.00000E+00
   1.97283068E-04  3.04617442E-12  0.00000E+00  0.00000E+00  0.00000E+00  0.00000E+00
   2.21943177E-04  3.85530496E-12  0.00000E+00  0.00000E+00  0.00000E+00  0.00000E+00
   2.46603566E-04  4.75963713E-12  0.00000E+00  0.00000E+00  0.00000E+00  0.00000E+00
   2.71264158E-04  5.75917092E-12  0.00000E+00  0.00000E+00  0.00000E+00  0.00000E+00
   2.95924902E-04  6.85390633E-12  0.00000E+00  0.00000E+00  0.00000E+00  0.00000E+00
   3.20584658E-04  8.04378786E-12  0.00000E+00  0.00000E+00  0.00000E+00  0.00000E+00
   3.45245691E-04  9.32892652E-12  0.00000E+00  0.00000E+00  0.00000E+00  0.00000E+00
   3.69905828E-04  1.07092113E-11  0.00000E+00  0.00000E+00  0.00000E+00  0.00000E+00
   3.94566137E-04  1.21846977E-11  0.00000E+00  0.00000E+00  0.00000E+00  0.00000E+00
   4.19226586E-04  1.37553857E-11  0.00000E+00  0.00000E+00  0.00000E+00  0.00000E+00
   4.43887153E-04  1.54212754E-11  0.00000E+00  0.00000E+00  0.00000E+00  0.00000E+00
   4.68547063E-04  1.71823111E-11  0.00000E+00  0.00000E+00  0.00000E+00  0.00000E+00
   4.93207851E-04  1.90386040E-11  0.00000E+00  0.00000E+00  0.00000E+00  0.00000E+00
   5.17868022E-04  2.09900430E-11  0.00000E+00  0.00000E+00  0.00000E+00  0.00000E+00
   5.42528315E-04  2.30366837E-11  0.00000E+00  0.00000E+00  0.00000E+00  0.00000E+00
   5.67188714E-04  2.51785259E-11  0.00000E+00  0.00000E+00  0.00000E+00  0.00000E+00
   5.91849205E-04  2.74155698E-11  0.00000E+00  0.00000E+00  0.00000E+00  0.00000E+00
   6.16509777E-04  2.97478153E-11  0.00000E+00  0.00000E+00  0.00000E+00  0.00000E+00
   6.41169868E-04  3.21752069E-11  0.00000E+00  0.00000E+00  0.00000E+00  0.00000E+00
   6.65830597E-04  3.46978557E-11  0.00000E+00  0.00000E+00  0.00000E+00  0.00000E+00
   6.90490867E-04  3.73156506E-11  0.00000E+00  0.00000E+00  0.00000E+00  0.00000E+00
   7.15151223E-04  4.00286471E-11  0.00000E+00  0.00000E+00  0.00000E+00  0.00000E+00
   7.39811656E-04  4.28368452E-11  0.00000E+00  0.00000E+00  0.00000E+00  0.00000E+00
   7.64471694E-04  4.57401894E-11  0.00000E+00  0.00000E+00  0.00000E+00  0.00000E+00
   7.89132273E-04  4.87387908E-11  0.00000E+00  0.00000E+00  0.00000E+00  0.00000E+00
   8.13792473E-04  5.18325383E-11  0.00000E+00  0.00000E+00  0.00000E+00  0.00000E+00
   8.38453173E-04  5.50215429E-11  0.00000E+00  0.00000E+00  0.00000E+00  0.00000E+00
   8.63113507E-04  5.83056936E-11  0.00000E+00  0.00000E+00  0.00000E+00  0.00000E+00
   8.87773907E-04  6.16850460E-11  0.00000E+00  0.00000E+00  0.00000E+00  0.00000E+00
   9.12433978E-04  6.51595444E-11  0.00000E+00  0.00000E+00  0.00000E+00  0.00000E+00
   9.37094504E-04  6.87293000E-11  0.00000E+00  0.00000E+00  0.00000E+00  0.00000E+00
   9.61755079E-04  7.23942573E-11  0.00000E+00  0.00000E+00  0.00000E+00  0.00000E+00
   9.86415342E-04  7.61543606E-11  0.00000E+00  0.00000E+00  0.00000E+00  0.00000E+00
   1.23301927E-03  1.18991206E-10  0.00000E+00  0.00000E+00  0.00000E+00  0.00000E+00
   1.47962307E-03  1.71347325E-10  0.00000E+00  0.00000E+00  0.00000E+00  0.00000E+00
   1.72622681E-03  2.33222719E-10  0.00000E+00  0.00000E+00  0.00000E+00  0.00000E+00
   1.97283068E-03  3.04617442E-10  0.00000E+00  0.00000E+00  0.00000E+00  0.00000E+00
   2.21943449E-03  3.85531440E-10  0.00000E+00  0.00000E+00  0.00000E+00  0.00000E+00
   2.46603825E-03  4.75964712E-10  0.00000E+00  0.00000E+00  0.00000E+00  0.00000E+00
   2.71264210E-03  5.75917314E-10  0.00000E+00  0.00000E+00  0.00000E+00  0.00000E+00
   2.95924591E-03  6.85389190E-10  0.00000E+00  0.00000E+00  0.00000E+00  0.00000E+00
   3.20584978E-03  8.04380396E-10  0.00000E+00  0.00000E+00  0.00000E+00  0.00000E+00
   3.45245352E-03  9.32890820E-10  0.00000E+00  0.00000E+00  0.00000E+00  0.00000E+00
   3.69905742E-03  1.07092063E-09  0.00000E+00  0.00000E+00  0.00000E+00  0.00000E+00
   3.94566119E-03  1.21846966E-09  0.00000E+00  0.00000E+00  0.00000E+00  0.00000E+00
   4.19226502E-03  1.37553802E-09  0.00000E+00  0.00000E+00  0.00000E+00  0.00000E+00
   4.43886890E-03  1.54212570E-09  0.00000E+00  0.00000E+00  0.00000E+00  0.00000E+00
   4.68547267E-03  1.71823261E-09  0.00000E+00  0.00000E+00  0.00000E+00  0.00000E+00
   4.93207649E-03  1.90385885E-09  0.00000E+00  0.00000E+00  0.00000E+00  0.00000E+00
   5.17868036E-03  2.09900441E-09  0.00000E+00  0.00000E+00  0.00000E+00  0.00000E+00
   5.42528420E-03  2.30366926E-09  0.00000E+00  0.00000E+00  0.00000E+00  0.00000E+00
   5.67188802E-03  2.51785337E-09  0.00000E+00  0.00000E+00  0.00000E+00  0.00000E+00
   5.91849181E-03  2.74155676E-09  0.00000E+00  0.00000E+00  0.00000E+00  0.00000E+00
   6.16509565E-03  2.97477948E-09  0.00000E+00  0.00000E+00  0.00000E+00  0.00000E+00
   6.41169946E-03  3.21752147E-09  0.00000E+00  0.00000E+00  0.00000E+00  0.00000E+00
   6.65830331E-03  3.46978279E-09  0.00000E+00  0.00000E+00  0.00000E+00  0.00000E+00
   6.90490714E-03  3.73156339E-09  0.00000E+00  0.00000E+00  0.00000E+00  0.00000E+00
   7.15151095E-03  4.00286326E-09  0.00000E+00  0.00000E+00  0.00000E+00  0.00000E+00
   7.39811479E-03  4.28368246E-09  0.00000E+00  0.00000E+00  0.00000E+00  0.00000E+00
   7.64471862E-03  4.57402094E-09  0.00000E+00  0.00000E+00  0.00000E+00  0.00000E+00
   7.89132242E-03  4.87387869E-09  0.00000E+00  0.00000E+00  0.00000E+00  0.00000E+00
   8.13792626E-03  5.18325577E-09  0.00000E+00  0.00000E+00  0.00000E+00  0.00000E+00
   8.38453008E-03  5.50215212E-09  0.00000E+00  0.00000E+00  0.00000E+00  0.00000E+00
   8.63113393E-03  5.83056781E-09  0.00000E+00  0.00000E+00  0.00000E+00  0.00000E+00
   8.87773776E-03  6.16850276E-09  0.00000E+00  0.00000E+00  0.00000E+00  0.00000E+00
   9.12434158E-03  6.51595700E-09  0.00000E+00  0.00000E+00  0.00000E+00  0.00000E+00
   9.37094539E-03  6.87293050E-09  0.00000E+00  0.00000E+00  0.00000E+00  0.00000E+00
   9.61754922E-03  7.23942334E-09  0.00000E+00  0.00000E+00  0.00000E+00  0.00000E+00
   9.86415303E-03  7.61543545E-09  0.00000E+00  0.00000E+00  0.00000E+00  0.00000E+00
   1.23301913E-02  1.18991179E-08  0.00000E+00  0.00000E+00  0.00000E+00  0.00000E+00
   1.47962296E-02  1.71347297E-08  0.00000E+00  0.00000E+00  0.00000E+00  0.00000E+00
   1.72622678E-02  2.33222710E-08  0.00000E+00  0.00000E+00  0.00000E+00  0.00000E+00
   1.97283061E-02  3.04617417E-08  0.00000E+00  0.00000E+00  0.00000E+00  0.00000E+00
   2.21943444E-02  3.85531417E-08  0.00000E+00  0.00000E+00  0.00000E+00  0.00000E+00
   2.46603826E-02  4.75964711E-08  0.00000E+00  0.00000E+00  0.00000E+00  0.00000E+00
   2.71264209E-02  5.75917298E-08  0.00000E+00  0.00000E+00  0.00000E+00  0.00000E+00
   2.95924592E-02  6.85389179E-08  0.00000E+00  0.00000E+00  0.00000E+00  0.00000E+00
   3.20584974E-02  8.04380352E-08  0.00000E+00  0.00000E+00  0.00000E+00  0.00000E+00
   3.45245357E-02  9.32890819E-08  0.00000E+00  0.00000E+00  0.00000E+00  0.00000E+00
   3.69905740E-02  1.07092058E-07  0.00000E+00  0.00000E+00  0.00000E+00  0.00000E+00
   3.94566122E-02  1.21846963E-07  0.00000E+00  0.00000E+00  0.00000E+00  0.00000E+00
   4.19226505E-02  1.37553797E-07  0.00000E+00  0.00000E+00  0.00000E+00  0.00000E+00
   4.43886888E-02  1.54212561E-07  0.00000E+00  0.00000E+00  0.00000E+00  0.00000E+00
   4.68547271E-02  1.71823254E-07  0.00000E+00  0.00000E+00  0.00000E+00  0.00000E+00
   4.93207653E-02  1.90385875E-07  0.00000E+00  0.00000E+00  0.00000E+00  0.00000E+00
   5.17868036E-02  2.09900426E-07  0.00000E+00  0.00000E+00  0.00000E+00  0.00000E+00
   5.42528419E-02  2.30366906E-07  0.00000E+00  0.00000E+00  0.00000E+00  0.00000E+00
   5.67188802E-02  2.51785315E-07  0.00000E+00  0.00000E+00  0.00000E+00  0.00000E+00
   5.91849184E-02  2.74155653E-07  0.00000E+00  0.00000E+00  0.00000E+00  0.00000E+00
   6.16509567E-02  2.97477920E-07  0.00000E+00  0.00000E+00  0.00000E+00  0.00000E+00
   6.41169950E-02  3.21752115E-07  0.00000E+00  0.00000E+00  0.00000E+00  0.00000E+00
   6.65830333E-02  3.46978240E-07  0.00000E+00  0.00000E+00  0.00000E+00  0.00000E+00
   6.90490716E-02  3.73156293E-07  0.00000E+00  0.00000E+00  0.00000E+00  0.00000E+00
   7.15151099E-02  4.00286275E-07  0.00000E+00  0.00000E+00  0.00000E+00  0.00000E+00
   7.39811482E-02  4.28368185E-07  0.00000E+00  0.00000E+00  0.00000E+00  0.00000E+00
   7.64471864E-02  4.57402025E-07  0.00000E+00  0.00000E+00  0.00000E+00  0.00000E+00
   7.89132247E-02  4.87387792E-07  0.00000E+00  0.00000E+00  0.00000E+00  0.00000E+00
   8.13792630E-02  5.18325489E-07  0.00000E+00  0.00000E+00  0.00000E+00  0.00000E+00
   8.38453013E-02  5.50215114E-07  0.00000E+00  0.00000E+00  0.00000E+00  0.00000E+00
   8.63113396E-02  5.83056667E-07  0.00000E+00  0.00000E+00  0.00000E+00  0.00000E+00
   8.87773779E-02  6.16850148E-07  0.00000E+00  0.00000E+00  0.00000E+00  0.00000E+00
   9.12434162E-02  6.51595558E-07  0.00000E+00  0.00000E+00  0.00000E+00  0.00000E+00
   9.37094546E-02  6.87292896E-07  0.00000E+00  0.00000E+00  0.00000E+00  0.00000E+00
   9.61754929E-02  7.23942162E-07  0.00000E+00  0.00000E+00  0.00000E+00  0.00000E+00
   9.86415312E-02  7.61543356E-07  0.00000E+00  0.00000E+00  0.00000E+00  0.00000E+00
   1.23301914E-01  1.18991132E-06  0.00000E+00  0.00000E+00  0.00000E+00  0.00000E+00
   1.47962298E-01  1.71347201E-06  0.00000E+00  0.00000E+00  0.00000E+00  0.00000E+00
   1.72622682E-01  2.33222531E-06  0.00000E+00  0.00000E+00  0.00000E+00  0.00000E+00
   1.97283066E-01  3.04617110E-06  0.00000E+00  0.00000E+00  0.00000E+00  0.00000E+00
   2.21943451E-01  3.85530926E-06  0.00000E+00  0.00000E+00  0.00000E+00  0.00000E+00
   2.46603837E-01  4.75963963E-06  0.00000E+00  0.00000E+00  0.00000E+00  0.00000E+00
   2.71264223E-01  5.75916204E-06  0.00000E+00  0.00000E+00  0.00000E+00  0.00000E+00
   2.95924610E-01  6.85387629E-06  0.00000E+00  0.00000E+00  0.00000E+00  0.00000E+00
   3.20584997E-01  8.04378217E-06  0.00000E+00  0.00000E+00  0.00000E+00  0.00000E+00
   3.45245386E-01  9.32887947E-06  0.00000E+00  0.00000E+00  0.00000E+00  0.00000E+00
   3.69905775E-01  1.07091679E-05  0.00000E+00  0.00000E+00  0.00000E+00  0.00000E+00
   3.94566165E-01  1.21846473E-05  0.00000E+00  0.00000E+00  0.00000E+00  0.00000E+00
   4.19226556E-01  1.37553173E-05  0.00000E+00  0.00000E+00  0.00000E+00  0.00000E+00
   4.43886949E-01  1.54211776E-05  0.00000E+00  0.00000E+00  0.00000E+00  0.00000E+00
   4.68547342E-01  1.71822279E-05  0.00000E+00  0.00000E+00  0.00000E+00  0.00000E+00
   4.93207737E-01  1.90384679E-05  0.00000E+00  0.00000E+00  0.00000E+00  0.00000E+00
   5.17868133E-01  2.09898972E-05  0.00000E+00  0.00000E+00  0.00000E+00  0.00000E+00
   5.42528530E-01  2.30365155E-05  0.00000E+00  0.00000E+00  0.00000E+00  0.00000E+00
   5.67188929E-01  2.51783223E-05  0.00000E+00  0.00000E+00  0.00000E+00  0.00000E+00
   5.91849329E-01  2.74153172E-05  0.00000E+00  0.00000E+00  0.00000E+00  0.00000E+00
   6.16509731E-01  2.97474999E-05  0.00000E+00  0.00000E+00  0.00000E+00  0.00000E+00
   6.41170134E-01  3.21748699E-05  0.00000E+00  0.00000E+00  0.00000E+00  0.00000E+00
   6.65830539E-01  3.46974267E-05  0.00000E+00  0.00000E+00  0.00000E+00  0.00000E+00
   6.90490945E-01  3.73151698E-05  0.00000E+00  0.00000E+00  0.00000E+00  0.00000E+00
   7.15151354E-01  4.00280987E-05  0.00000E+00  0.00000E+00  0.00000E+00  0.00000E+00
   7.39811764E-01  4.28362130E-05  0.00000E+00  0.00000E+00  0.00000E+00  0.00000E+00
   7.64472176E-01  4.57395121E-05  0.00000E+00  0.00000E+00  0.00000E+00  0.00000E+00
   7.89132590E-01  4.87379953E-05  0.00000E+00  0.00000E+00  0.00000E+00  0.00000E+00
   8.13793006E-01  5.18316623E-05  0.00000E+00  0.00000E+00  0.00000E+00  0.00000E+00
   8.38453424E-01  5.50205123E-05  0.00000E+00  0.00000E+00  0.00000E+00  0.00000E+00
   8.63113845E-01  5.83045448E-05  0.00000E+00  0.00000E+00  0.00000E+00  0.00000E+00
   8.87774267E-01  6.16837592E-05  0.00000E+00  0.00000E+00  0.00000E+00  0.00000E+00
   9.12434692E-01  6.51581547E-05  0.00000E+00  0.00000E+00  0.00000E+00  0.00000E+00
   9.37095119E-01  6.87277308E-05  0.00000E+00  0.00000E+00  0.00000E+00  0.00000E+00
   9.61755549E-01  7.23924867E-05  0.00000E+00  0.00000E+00  0.00000E+00  0.00000E+00
   9.86415981E-01  7.61524218E-05  6.93561E-11 -2.64737E-11  6.04379E-13 -2.31110E-13
   1.08505773E+00  9.21439392E-05  5.75106E-11 -2.14067E-11  5.51013E-13 -2.05389E-13
   1.18369953E+00  1.09658263E-04  4.84582E-11 -1.76162E-11  5.04367E-13 -1.82816E-13
   1.28234138E+00  1.28695339E-04  4.13979E-11 -1.47223E-11  4.69430E-13 -1.67463E-13
   1.38098328E+00  1.49255109E-04  3.57784E-11 -1.24629E-11  4.34730E-13 -1.51055E-13
   1.47962524E+00  1.71337512E-04  3.12325E-11 -1.06677E-11  4.07991E-13 -1.39555E-13
   1.57826726E+00  1.94942480E-04  2.75054E-11 -9.22185E-12  3.82662E-13 -1.28244E-13
   1.67690934E+00  2.20069940E-04  2.44076E-11 -8.03887E-12  3.60796E-13 -1.18783E-13
   1.77555149E+00  2.46719817E-04  2.18083E-11 -7.06217E-12  3.41678E-13 -1.10743E-13
   1.87419371E+00  2.74892029E-04  1.96033E-11 -6.24561E-12  3.23737E-13 -1.03039E-13
   1.97283602E+00  3.04586490E-04  1.77178E-11 -5.55730E-12  3.08423E-13 -9.68206E-14
   2.07147840E+00  3.35803111E-04  1.60928E-11 -4.97227E-12  2.93856E-13 -9.07465E-14
   2.17012087E+00  3.68541795E-04  1.46817E-11 -4.47068E-12  2.80990E-13 -8.55763E-14
   2.26876342E+00  4.02802443E-04  1.34493E-11 -4.03839E-12  2.69112E-13 -8.08191E-14
   2.36740607E+00  4.38584951E-04  1.23659E-11 -3.66279E-12  2.58100E-13 -7.64205E-14
   2.46604882E+00  4.75889209E-04  1.14089E-11 -3.33503E-12  2.48182E-13 -7.25805E-14
   2.56469167E+00  5.14715105E-04  1.05590E-11 -3.04728E-12  2.38760E-13 -6.88784E-14
   2.66333462E+00  5.55062519E-04  9.80089E-12 -2.79340E-12  2.30234E-13 -6.56361E-14
   2.76197769E+00  5.96931329E-04  9.12193E-12 -2.56855E-12  2.22182E-13 -6.25576E-14
   2.86062086E+00  6.40321408E-04  8.51115E-12 -2.36832E-12  2.14709E-13 -5.97400E-14
   2.95926416E+00  6.85232623E-04  7.96002E-12 -2.18956E-12  2.07768E-13 -5.71620E-14
   3.05790757E+00  7.31664837E-04  7.46078E-12 -2.02920E-12  2.01182E-13 -5.47052E-14
   3.15655111E+00  7.79617909E-04  7.00721E-12 -1.88494E-12  1.95098E-13 -5.24923E-14
   3.25519479E+00  8.29091693E-04  6.59391E-12 -1.75474E-12  1.89296E-13 -5.03679E-14
   3.35383859E+00  8.80086038E-04  6.21615E-12 -1.63681E-12  1.83879E-13 -4.84200E-14
   3.45248253E+00  9.32600789E-04  5.87009E-12 -1.52979E-12  1.78754E-13 -4.65873E-14
   3.55112662E+00  9.86635786E-04  5.55214E-12 -1.43231E-12  1.73890E-13 -4.48542E-14
   3.64977085E+00  1.04219086E-03  5.25944E-12 -1.34337E-12  1.69324E-13 -4.32549E-14
   3.74841523E+00  1.09926585E-03  4.98932E-12 -1.26199E-12  1.64950E-13 -4.17169E-14
   3.84705976E+00  1.15786058E-03  4.73953E-12 -1.18734E-12  1.60835E-13 -4.02954E-14
   3.94570445E+00  1.21797487E-03  4.50810E-12 -1.11877E-12  1.56899E-13 -3.89367E-14
   4.04434931E+00  1.27960853E-03  4.29321E-12 -1.05559E-12  1.53158E-13 -3.76565E-14
   4.14299433E+00  1.34276139E-03  4.09340E-12 -9.97328E-13  1.49602E-13 -3.64523E-14
   4.24163952E+00  1.40743324E-03  3.90722E-12 -9.43451E-13  1.46190E-13 -3.52964E-14
   4.34028489E+00  1.47362389E-03  3.73349E-12 -8.93562E-13  1.42953E-13 -3.42167E-14
   4.43893043E+00  1.54133313E-03  3.57112E-12 -8.47291E-13  1.39838E-13 -3.31766E-14
   4.53757615E+00  1.61056077E-03  3.41912E-12 -8.04285E-13  1.36868E-13 -3.21963E-14
   4.63622206E+00  1.68130659E-03  3.27666E-12 -7.64282E-13  1.34021E-13 -3.12612E-14
   4.73486817E+00  1.75357038E-03  3.14292E-12 -7.26988E-13  1.31284E-13 -3.03660E-14
   4.83351446E+00  1.82735190E-03  3.01722E-12 -6.92190E-13  1.28669E-13 -2.95203E-14
   4.93216096E+00  1.90265095E-03  2.89893E-12 -6.59669E-13  1.26144E-13 -2.87034E-14
   5.03080765E+00  1.97946729E-03  2.78746E-12 -6.29232E-13  1.23728E-13 -2.79309E-14
   5.12945456E+00  2.05780069E-03  2.68232E-12 -6.00722E-13  1.21396E-13 -2.71873E-14
   5.22810167E+00  2.13765091E-03  2.58302E-12 -5.73968E-13  1.19153E-13 -2.64764E-14
   5.32674900E+00  2.21901770E-03  2.48915E-12 -5.48849E-13  1.16995E-13 -2.57980E-14
   5.42539655E+00  2.30190082E-03  2.40030E-12 -5.25227E-13  1.14908E-13 -2.51428E-14
   5.52404432E+00  2.38630001E-03  2.31613E-12 -5.02993E-13  1.12901E-13 -2.45198E-14
   5.62269232E+00  2.47221502E-03  2.23633E-12 -4.82046E-13  1.10958E-13 -2.39168E-14
   5.72134054E+00  2.55964559E-03  2.16057E-12 -4.62285E-13  1.09085E-13 -2.33404E-14
   5.81998901E+00  2.64859144E-03  2.08861E-12 -4.43633E-13  1.07273E-13 -2.27858E-14
   5.91863771E+00  2.73905232E-03  2.02019E-12 -4.26003E-13  1.05519E-13 -2.22506E-14
   6.01728665E+00  2.83102793E-03  1.95508E-12 -4.09330E-13  1.03826E-13 -2.17385E-14
   6.11593584E+00  2.92451801E-03  1.89307E-12 -3.93546E-13  1.02181E-13 -2.12418E-14
   6.21458528E+00  3.01952227E-03  1.83396E-12 -3.78589E-13  1.00593E-13 -2.07661E-14
   6.31323498E+00  3.11604042E-03  1.77759E-12 -3.64409E-13  9.90504E-14 -2.03056E-14
   6.41188494E+00  3.21407216E-03  1.72377E-12 -3.50948E-13  9.75553E-14 -1.98615E-14
   6.51053516E+00  3.31361720E-03  1.67236E-12 -3.38166E-13  9.61065E-14 -1.94341E-14
   6.60918564E+00  3.41467523E-03  1.62322E-12 -3.26016E-13  9.46975E-14 -1.90191E-14
   6.70783640E+00  3.51724595E-03  1.57622E-12 -3.14459E-13  9.33325E-14 -1.86205E-14
   6.80648743E+00  3.62132904E-03  1.53123E-12 -3.03460E-13  9.20039E-14 -1.82332E-14
   6.90513874E+00  3.72692418E-03  1.48814E-12 -2.92981E-13  9.07143E-14 -1.78598E-14
   7.00379033E+00  3.83403106E-03  1.44684E-12 -2.82996E-13  8.94603E-14 -1.74983E-14
   7.10244222E+00  3.94264934E-03  1.40724E-12 -2.73470E-13  8.82395E-14 -1.71475E-14
   7.20109439E+00  4.05277870E-03  1.36924E-12 -2.64381E-13  8.70537E-14 -1.68093E-14
   7.29974686E+00  4.16441881E-03  1.33276E-12 -2.55701E-13  8.58973E-14 -1.64799E-14
   7.39839962E+00  4.27756931E-03  1.29772E-12 -2.47406E-13  8.47731E-14 -1.61620E-14
   7.49705269E+00  4.39222987E-03  1.26404E-12 -2.39478E-13  8.36771E-14 -1.58530E-14
   7.59570607E+00  4.50840014E-03  1.23166E-12 -2.31891E-13  8.26092E-14 -1.55533E-14
   7.69435976E+00  4.62607976E-03  1.20051E-12 -2.24632E-13  8.15691E-14 -1.52631E-14
   7.79301376E+00  4.74526838E-03  1.17052E-12 -2.17679E-13  8.05536E-14 -1.49803E-14
   7.89166809E+00  4.86596563E-03  1.14164E-12 -2.11017E-13  7.95646E-14 -1.47068E-14
   7.99032273E+00  4.98817114E-03  1.11382E-12 -2.04631E-13  7.85985E-14 -1.44402E-14
   8.08897771E+00  5.11188455E-03  1.08700E-12 -1.98506E-13  7.76564E-14 -1.41816E-14
   8.18763301E+00  5.23710547E-03  1.06113E-12 -1.92629E-13  7.67365E-14 -1.39303E-14
   8.28628866E+00  5.36383352E-03  1.03618E-12 -1.86986E-13  7.58377E-14 -1.36854E-14
   8.38494464E+00  5.49206832E-03  1.01210E-12 -1.81566E-13  7.49608E-14 -1.34479E-14
   8.48360096E+00  5.62180948E-03  9.88847E-13 -1.76359E-13  7.41028E-14 -1.32161E-14
   8.58225763E+00  5.75305660E-03  9.66384E-13 -1.71352E-13  7.32652E-14 -1.29911E-14
   8.68091465E+00  5.88580928E-03  9.44679E-13 -1.66537E-13  7.24459E-14 -1.27716E-14
   8.77957203E+00  6.02006712E-03  9.23695E-13 -1.61904E-13  7.16447E-14 -1.25579E-14
   8.87822977E+00  6.15582970E-03  9.03402E-13 -1.57445E-13  7.08616E-14 -1.23500E-14
   8.97688787E+00  6.29309662E-03  8.83769E-13 -1.53151E-13  7.00946E-14 -1.21469E-14
   9.07554634E+00  6.43186746E-03  8.64768E-13 -1.49015E-13  6.93450E-14 -1.19496E-14
   9.17420518E+00  6.57214180E-03  8.46374E-13 -1.45028E-13  6.86105E-14 -1.17567E-14
   9.27286440E+00  6.71391920E-03  8.28558E-13 -1.41185E-13  6.78918E-14 -1.15688E-14
   9.37152399E+00  6.85719923E-03  8.11298E-13 -1.37479E-13  6.71881E-14 -1.13856E-14
   9.47018397E+00  7.00198146E-03  7.94571E-13 -1.33903E-13  6.64985E-14 -1.12065E-14
   9.56884434E+00  7.14826546E-03  7.78355E-13 -1.30452E-13  6.58234E-14 -1.10322E-14
   9.66750510E+00  7.29605076E-03  7.62629E-13 -1.27120E-13  6.51613E-14 -1.08616E-14
   9.76616625E+00  7.44533692E-03  7.47374E-13 -1.23902E-13  6.45129E-14 -1.06954E-14
   9.86482780E+00  7.59612349E-03  7.32572E-13 -1.20794E-13  6.38770E-14 -1.05329E-14
   1.01114835E+01  7.97965118E-03  6.97429E-13 -1.13470E-13  6.23410E-14 -1.01428E-14
   1.03581417E+01  8.37254622E-03  6.64749E-13 -1.06732E-13  6.08771E-14 -9.77452E-15
   1.06048026E+01  8.77480114E-03  6.34307E-13 -1.00522E-13  5.94803E-14 -9.42625E-15
   1.08514662E+01  9.18640828E-03  6.05903E-13 -9.47878E-14  5.81462E-14 -9.09654E-15
   1.10981326E+01  9.60735980E-03  5.79359E-13 -8.94847E-14  5.68705E-14 -8.78403E-15
   1.13448018E+01  1.00376477E-02  5.54516E-13 -8.45719E-14  5.56494E-14 -8.48749E-15
   1.15914739E+01  1.04772638E-02  5.31231E-13 -8.00135E-14  5.44796E-14 -8.20580E-15
   1.18381489E+01  1.09261996E-02  5.09377E-13 -7.57776E-14  5.33579E-14 -7.93795E-15
   1.20848270E+01  1.13844468E-02  4.88838E-13 -7.18357E-14  5.22813E-14 -7.68300E-15
   1.23315082E+01  1.18519964E-02  4.69511E-13 -6.81625E-14  5.12471E-14 -7.44010E-15
   1.25781925E+01  1.23288397E-02  4.51303E-13 -6.47350E-14  5.02529E-14 -7.20847E-15
   1.28248800E+01  1.28149676E-02  4.34128E-13 -6.15328E-14  4.92963E-14 -6.98740E-15
   1.30715707E+01  1.33103708E-02  4.17909E-13 -5.85373E-14  4.83753E-14 -6.77623E-15
   1.33182649E+01  1.38150398E-02  4.02578E-13 -5.57320E-14  4.74879E-14 -6.57434E-15
   1.35649624E+01  1.43289651E-02  3.88069E-13 -5.31018E-14  4.66323E-14 -6.38119E-15
   1.38116633E+01  1.48521369E-02  3.74326E-13 -5.06330E-14  4.58068E-14 -6.19625E-15
   1.40583678E+01  1.53845451E-02  3.61296E-13 -4.83134E-14  4.50097E-14 -6.01905E-15
   1.43050758E+01  1.59261798E-02  3.48929E-13 -4.61317E-14  4.42398E-14 -5.84915E-15
   1.45517875E+01  1.64770305E-02  3.37181E-13 -4.40777E-14  4.34955E-14 -5.68613E-15
   1.47985029E+01  1.70370869E-02  3.26013E-13 -4.21420E-14  4.27757E-14 -5.52962E-15
   1.50452220E+01  1.76063381E-02  3.15386E-13 -4.03163E-14  4.20790E-14 -5.37926E-15
   1.52919450E+01  1.81847734E-02  3.05265E-13 -3.85926E-14  4.14045E-14 -5.23472E-15
   1.55386718E+01  1.87723818E-02  2.95620E-13 -3.69640E-14  4.07510E-14 -5.09570E-15
   1.57854026E+01  1.93691520E-02  2.86420E-13 -3.54239E-14  4.01177E-14 -4.96191E-15
   1.60321374E+01  1.99750728E-02  2.77639E-13 -3.39664E-14  3.95034E-14 -4.83308E-15
   1.62788763E+01  2.05901326E-02  2.69252E-13 -3.25858E-14  3.89075E-14 -4.70896E-15
   1.65256193E+01  2.12143196E-02  2.61235E-13 -3.12773E-14  3.83291E-14 -4.58932E-15
   1.67723665E+01  2.18476220E-02  2.53566E-13 -3.00360E-14  3.77674E-14 -4.47394E-15
   1.70191179E+01  2.24900278E-02  2.46227E-13 -2.88578E-14  3.72217E-14 -4.36261E-15
   1.72658737E+01  2.31415246E-02  2.39198E-13 -2.77386E-14  3.66913E-14 -4.25514E-15
   1.75126338E+01  2.38021002E-02  2.32463E-13 -2.66748E-14  3.61756E-14 -4.15134E-15
   1.77593983E+01  2.44717419E-02  2.26004E-13 -2.56630E-14  3.56740E-14 -4.05106E-15
   1.80061674E+01  2.51504369E-02  2.19807E-13 -2.47000E-14  3.51858E-14 -3.95412E-15
   1.82529410E+01  2.58381724E-02  2.13858E-13 -2.37829E-14  3.47106E-14 -3.86037E-15
   1.84997192E+01  2.65349353E-02  2.08144E-13 -2.29090E-14  3.42479E-14 -3.76968E-15
   1.87465020E+01  2.72407122E-02  2.02653E-13 -2.20758E-14  3.37971E-14 -3.68190E-15
   1.89932896E+01  2.79554898E-02  1.97373E-13 -2.12809E-14  3.33577E-14 -3.59691E-15
   1.92400821E+01  2.86792545E-02  1.92293E-13 -2.05222E-14  3.29295E-14 -3.51460E-15
   1.94868793E+01  2.94119924E-02  1.87404E-13 -1.97975E-14  3.25118E-14 -3.43484E-15
   1.97336815E+01  3.01536896E-02  1.82696E-13 -1.91052E-14  3.21044E-14 -3.35753E-15
   1.99804886E+01  3.09043320E-02  1.78161E-13 -1.84432E-14  3.17069E-14 -3.28257E-15
   2.02273008E+01  3.16639054E-02  1.73789E-13 -1.78101E-14  3.13188E-14 -3.20986E-15
   2.04741181E+01  3.24323952E-02  1.69573E-13 -1.72042E-14  3.09399E-14 -3.13931E-15
   2.07209405E+01  3.32097868E-02  1.65506E-13 -1.66241E-14  3.05699E-14 -3.07084E-15
   2.09677681E+01  3.39960654E-02  1.61581E-13 -1.60685E-14  3.02083E-14 -3.00435E-15
   2.12146011E+01  3.47912160E-02  1.57791E-13 -1.55361E-14  2.98550E-14 -2.93979E-15
   2.14614393E+01  3.55952236E-02  1.54131E-13 -1.50256E-14  2.95097E-14 -2.87706E-15
   2.17082829E+01  3.64080727E-02  1.50593E-13 -1.45360E-14  2.91720E-14 -2.81610E-15
   2.19551320E+01  3.72297480E-02  1.47174E-13 -1.40662E-14  2.88417E-14 -2.75684E-15
   2.22019866E+01  3.80602337E-02  1.43867E-13 -1.36153E-14  2.85187E-14 -2.69923E-15
   2.24488467E+01  3.88995142E-02  1.40668E-13 -1.31823E-14  2.82025E-14 -2.64319E-15
   2.26957125E+01  3.97475733E-02  1.37572E-13 -1.27662E-14  2.78931E-14 -2.58867E-15
   2.29425840E+01  4.06043949E-02  1.34575E-13 -1.23664E-14  2.75902E-14 -2.53561E-15
   2.31894612E+01  4.14699628E-02  1.31673E-13 -1.19821E-14  2.72935E-14 -2.48397E-15
   2.34363442E+01  4.23442604E-02  1.28861E-13 -1.16124E-14  2.70030E-14 -2.43369E-15
   2.36832331E+01  4.32272712E-02  1.26135E-13 -1.12567E-14  2.67184E-14 -2.38472E-15
   2.39301279E+01  4.41189782E-02  1.23494E-13 -1.09144E-14  2.64395E-14 -2.33703E-15
   2.41770286E+01  4.50193646E-02  1.20932E-13 -1.05849E-14  2.61661E-14 -2.29055E-15
   2.44239354E+01  4.59284131E-02  1.18447E-13 -1.02675E-14  2.58982E-14 -2.24526E-15
   2.46708483E+01  4.68461065E-02  1.16036E-13 -9.96173E-15  2.56354E-14 -2.20111E-15
   2.51646926E+01  4.87073578E-02  1.11423E-13 -9.38298E-15  2.51250E-14 -2.11609E-15
   2.56585620E+01  5.06029769E-02  1.07073E-13 -8.84480E-15  2.46338E-14 -2.03519E-15
   2.61524569E+01  5.25328192E-02  1.02965E-13 -8.34374E-15  2.41605E-14 -1.95816E-15
   2.66463778E+01  5.44967379E-02  9.90812E-14 -7.87671E-15  2.37043E-14 -1.88474E-15
   2.71403251E+01  5.64945834E-02  9.54066E-14 -7.44092E-15  2.32643E-14 -1.81473E-15
   2.76342993E+01  5.85262036E-02  9.19260E-14 -7.03384E-15  2.28395E-14 -1.74791E-15
   2.81283009E+01  6.05914437E-02  8.86259E-14 -6.65319E-15  2.24291E-14 -1.68408E-15
   2.86223303E+01  6.26901464E-02  8.54940E-14 -6.29690E-15  2.20325E-14 -1.62308E-15
   2.91163879E+01  6.48221520E-02  8.25192E-14 -5.96310E-15  2.16489E-14 -1.56474E-15
   2.96104742E+01  6.69872981E-02  7.96910E-14 -5.65008E-15  2.12777E-14 -1.50891E-15
   3.01045896E+01  6.91854198E-02  7.70000E-14 -5.35628E-15  2.09183E-14 -1.45545E-15
   3.05987347E+01  7.14163496E-02  7.44374E-14 -5.08030E-15  2.05701E-14 -1.40423E-15
   3.10929097E+01  7.36799178E-02  7.19953E-14 -4.82084E-15  2.02326E-14 -1.35512E-15
   3.15871153E+01  7.59759519E-02  6.96660E-14 -4.57672E-15  1.99052E-14 -1.30802E-15
   3.20813517E+01  7.83042771E-02  6.74429E-14 -4.34684E-15  1.95876E-14 -1.26281E-15
   3.25756195E+01  8.06647160E-02  6.53195E-14 -4.13023E-15  1.92793E-14 -1.21940E-15
   3.30699190E+01  8.30570890E-02  6.32899E-14 -3.92597E-15  1.89798E-14 -1.17769E-15
   3.35642507E+01  8.54812137E-02  6.13488E-14 -3.73322E-15  1.86887E-14 -1.13760E-15
   3.40586150E+01  8.79369057E-02  5.94909E-14 -3.55121E-15  1.84058E-14 -1.09905E-15
   3.45530124E+01  9.04239779E-02  5.77117E-14 -3.37923E-15  1.81307E-14 -1.06197E-15
   3.50474433E+01  9.29422408E-02  5.60068E-14 -3.21663E-15  1.78629E-14 -1.02627E-15
   3.55419081E+01  9.54915028E-02  5.43720E-14 -3.06280E-15  1.76023E-14 -9.91905E-16
   3.60364071E+01  9.80715697E-02  5.28036E-14 -2.91718E-15  1.73486E-14 -9.58797E-16
   3.65309409E+01  1.00682245E-01  5.12980E-14 -2.77926E-15  1.71014E-14 -9.26893E-16
   3.70255099E+01  1.03323330E-01  4.98520E-14 -2.64855E-15  1.68605E-14 -8.96135E-16
   3.75201144E+01  1.05994623E-01  4.84623E-14 -2.52462E-15  1.66256E-14 -8.66473E-16
   3.80147548E+01  1.08695922E-01  4.71262E-14 -2.40706E-15  1.63966E-14 -8.37856E-16
   3.85094316E+01  1.11427019E-01  4.58409E-14 -2.29547E-15  1.61731E-14 -8.10237E-16
   3.90041452E+01  1.14187708E-01  4.46038E-14 -2.18950E-15  1.59550E-14 -7.83574E-16
   3.94988959E+01  1.16977778E-01  4.34126E-14 -2.08883E-15  1.57422E-14 -7.57824E-16
   3.99936842E+01  1.19797017E-01  4.22650E-14 -1.99314E-15  1.55343E-14 -7.32947E-16
   4.04885105E+01  1.22645210E-01  4.11590E-14 -1.90215E-15  1.53312E-14 -7.08908E-16
   4.09833751E+01  1.25522140E-01  4.00925E-14 -1.81559E-15  1.51327E-14 -6.85670E-16
   4.14782785E+01  1.28427587E-01  3.90637E-14 -1.73321E-15  1.49387E-14 -6.63201E-16
   4.19732209E+01  1.31361332E-01  3.80709E-14 -1.65478E-15  1.47491E-14 -6.41468E-16
   4.24682029E+01  1.34323149E-01  3.71123E-14 -1.58008E-15  1.45635E-14 -6.20443E-16
   4.29632248E+01  1.37312814E-01  3.61864E-14 -1.50890E-15  1.43821E-14 -6.00095E-16
   4.34582870E+01  1.40330100E-01  3.52918E-14 -1.44105E-15  1.42044E-14 -5.80399E-16
   4.39533898E+01  1.43374775E-01  3.44270E-14 -1.37636E-15  1.40306E-14 -5.61328E-16
   4.44485336E+01  1.46446609E-01  3.35908E-14 -1.31466E-15  1.38604E-14 -5.42859E-16
   4.49437188E+01  1.49545368E-01  3.27819E-14 -1.25578E-15  1.36936E-14 -5.24967E-16
   4.54389458E+01  1.52670815E-01  3.19991E-14 -1.19959E-15  1.35303E-14 -5.07631E-16
   4.59342149E+01  1.55822712E-01  3.12414E-14 -1.14593E-15  1.33703E-14 -4.90829E-16
   4.64295265E+01  1.59000820E-01  3.05076E-14 -1.09469E-15  1.32134E-14 -4.74542E-16
   4.69248809E+01  1.62204896E-01  2.97967E-14 -1.04574E-15  1.30596E-14 -4.58751E-16
   4.74202785E+01  1.65434697E-01  2.91079E-14 -9.98966E-16  1.29088E-14 -4.43437E-16
   4.79157197E+01  1.68689976E-01  2.84402E-14 -9.54253E-16  1.27609E-14 -4.28582E-16
   4.84112047E+01  1.71970486E-01  2.77928E-14 -9.11504E-16  1.26158E-14 -4.14171E-16
   4.89067340E+01  1.75275976E-01  2.71648E-14 -8.70619E-16  1.24735E-14 -4.00188E-16
   4.94023078E+01  1.78606195E-01  2.65555E-14 -8.31511E-16  1.23337E-14 -3.86617E-16
   4.98979266E+01  1.81960890E-01  2.59642E-14 -7.94091E-16  1.21966E-14 -3.73443E-16
   5.03935906E+01  1.85339804E-01  2.53901E-14 -7.58279E-16  1.20619E-14 -3.60654E-16
   5.08893002E+01  1.88742682E-01  2.48327E-14 -7.23998E-16  1.19296E-14 -3.48235E-16
   5.13850558E+01  1.92169262E-01  2.42912E-14 -6.91176E-16  1.17996E-14 -3.36174E-16
   5.18808575E+01  1.95619285E-01  2.37650E-14 -6.59744E-16  1.16720E-14 -3.24459E-16
   5.23767059E+01  1.99092488E-01  2.32536E-14 -6.29638E-16  1.15465E-14 -3.13078E-16
   5.28726011E+01  2.02588607E-01  2.27565E-14 -6.00796E-16  1.14232E-14 -3.02020E-16
   5.33685435E+01  2.06107374E-01  2.22731E-14 -5.73160E-16  1.13020E-14 -2.91275E-16
   5.38645334E+01  2.09648522E-01  2.18029E-14 -5.46675E-16  1.11828E-14 -2.80832E-16
   5.43605711E+01  2.13211782E-01  2.13455E-14 -5.21289E-16  1.10656E-14 -2.70681E-16
   5.48566569E+01  2.16796882E-01  2.09004E-14 -4.96953E-16  1.09504E-14 -2.60813E-16
   5.53527912E+01  2.20403548E-01  2.04671E-14 -4.73620E-16  1.08369E-14 -2.51219E-16
   5.58489742E+01  2.24031507E-01  2.00452E-14 -4.51245E-16  1.07254E-14 -2.41890E-16
   5.63452062E+01  2.27680482E-01  1.96344E-14 -4.29785E-16  1.06156E-14 -2.32818E-16
   5.68414875E+01  2.31350196E-01  1.92343E-14 -4.09202E-16  1.05075E-14 -2.23995E-16
   5.73378185E+01  2.35040368E-01  1.88444E-14 -3.89456E-16  1.04011E-14 -2.15412E-16
   5.78341992E+01  2.38750718E-01  1.84646E-14 -3.70513E-16  1.02963E-14 -2.07064E-16
   5.83306302E+01  2.42480963E-01  1.80943E-14 -3.52336E-16  1.01932E-14 -1.98941E-16
   5.88271116E+01  2.46230819E-01  1.77333E-14 -3.34893E-16  1.00916E-14 -1.91039E-16
   5.93236437E+01  2.50000000E-01  1.73813E-14 -3.18154E-16  9.99148E-15 -1.83349E-16
   5.98202267E+01  2.53788220E-01  1.70381E-14 -3.02088E-16  9.89288E-15 -1.75866E-16
   6.03168610E+01  2.57595190E-01  1.67032E-14 -2.86667E-16  9.79572E-15 -1.68584E-16
   6.08135469E+01  2.61420620E-01  1.63765E-14 -2.71865E-16  9.69997E-15 -1.61497E-16
   6.13102844E+01  2.65264219E-01  1.60577E-14 -2.57655E-16  9.60560E-15 -1.54598E-16
   6.18070740E+01  2.69125693E-01  1.57465E-14 -2.44013E-16  9.51257E-15 -1.47883E-16
   6.23039159E+01  2.73004750E-01  1.54427E-14 -2.30916E-16  9.42086E-15 -1.41346E-16
   6.28008103E+01  2.76901093E-01  1.51460E-14 -2.18342E-16  9.33042E-15 -1.34982E-16
   6.32977574E+01  2.80814427E-01  1.48564E-14 -2.06270E-16  9.24122E-15 -1.28786E-16
   6.37947575E+01  2.84744452E-01  1.45734E-14 -1.94679E-16  9.15325E-15 -1.22754E-16
   6.42918109E+01  2.88690869E-01  1.42970E-14 -1.83549E-16  9.06647E-15 -1.16881E-16
   6.47889177E+01  2.92653379E-01  1.40269E-14 -1.72863E-16  8.98086E-15 -1.11162E-16
   6.52860782E+01  2.96631678E-01  1.37629E-14 -1.62602E-16  8.89638E-15 -1.05593E-16
   6.57832926E+01  3.00625466E-01  1.35049E-14 -1.52751E-16  8.81301E-15 -1.00171E-16
   6.62805611E+01  3.04634436E-01  1.32527E-14 -1.43292E-16  8.73073E-15 -9.48899E-17
   6.67778840E+01  3.08658284E-01  1.30061E-14 -1.34211E-16  8.64951E-15 -8.97477E-17
   6.72752615E+01  3.12696703E-01  1.27650E-14 -1.25491E-16  8.56933E-15 -8.47398E-17
   6.77726937E+01  3.16749387E-01  1.25291E-14 -1.17121E-16  8.49017E-15 -7.98629E-17
   6.82701808E+01  3.20816025E-01  1.22984E-14 -1.09086E-16  8.41199E-15 -7.51133E-17
   6.87677232E+01  3.24896309E-01  1.20727E-14 -1.01372E-16  8.33479E-15 -7.04877E-17
   6.92653209E+01  3.28989928E-01  1.18519E-14 -9.39687E-17  8.25855E-15 -6.59829E-17
   6.97629741E+01  3.33096570E-01  1.16357E-14 -8.68632E-17  8.18323E-15 -6.15957E-17
   7.02606831E+01  3.37215923E-01  1.14242E-14 -8.00441E-17  8.10882E-15 -5.73234E-17
   7.07584480E+01  3.41347672E-01  1.12171E-14 -7.35005E-17  8.03530E-15 -5.31624E-17
   7.12562690E+01  3.45491503E-01  1.10144E-14 -6.72222E-17  7.96266E-15 -4.91102E-17
   7.17541463E+01  3.49647100E-01  1.08158E-14 -6.11995E-17  7.89087E-15 -4.51641E-17
   7.22520800E+01  3.53814148E-01  1.06214E-14 -5.54221E-17  7.81991E-15 -4.13214E-17
   7.27500704E+01  3.57992328E-01  1.04310E-14 -4.98813E-17  7.74978E-15 -3.75794E-17
   7.32481175E+01  3.62181322E-01  1.02445E-14 -4.45681E-17  7.68045E-15 -3.39355E-17
   7.37462215E+01  3.66380812E-01  1.00617E-14 -3.94744E-17  7.61190E-15 -3.03873E-17
   7.42443826E+01  3.70590477E-01  9.88270E-15 -3.45917E-17  7.54412E-15 -2.69327E-17
   7.47426010E+01  3.74809998E-01  9.70724E-15 -2.99122E-17  7.47710E-15 -2.35691E-17
   7.52408767E+01  3.79039052E-01  9.53528E-15 -2.54286E-17  7.41082E-15 -2.02944E-17
   7.57392100E+01  3.83277318E-01  9.36673E-15 -2.11334E-17  7.34526E-15 -1.71064E-17
   7.62376009E+01  3.87524473E-01  9.20151E-15 -1.70203E-17  7.28041E-15 -1.40029E-17
   7.67360496E+01  3.91780193E-01  9.03952E-15 -1.30820E-17  7.21626E-15 -1.09818E-17
   7.72345562E+01  3.96044155E-01  8.88069E-15 -9.31287E-18  7.15279E-15 -8.04151E-18
   7.77331208E+01  4.00316033E-01  8.72493E-15 -5.70595E-18  7.08999E-15 -5.17992E-18
   7.82317436E+01  4.04595502E-01  8.57218E-15 -2.25582E-18  7.02785E-15 -2.39503E-18
   7.87304246E+01  4.08882237E-01  8.42235E-15  1.04320E-18  6.96635E-15  3.14726E-19
   7.92291641E+01  4.13175911E-01  8.27538E-15  4.19676E-18  6.90548E-15  2.95138E-18
   7.97279620E+01  4.17476197E-01  8.13119E-15  7.20959E-18  6.84523E-15  5.51655E-18
   8.02268185E+01  4.21782767E-01  7.98972E-15  1.00873E-17  6.78559E-15  8.01171E-18
   8.07257337E+01  4.26095294E-01  7.85090E-15  1.28346E-17  6.72655E-15  1.04385E-17
   8.12247077E+01  4.30413450E-01  7.71467E-15  1.54561E-17  6.66809E-15  1.27989E-17
   8.17237406E+01  4.34736904E-01  7.58097E-15  1.79560E-17  6.61020E-15  1.50940E-17
   8.22228324E+01  4.39065328E-01  7.44973E-15  2.03394E-17  6.55288E-15  1.73251E-17
   8.27219832E+01  4.43398393E-01  7.32091E-15  2.26096E-17  6.49611E-15  1.94943E-17
   8.32211931E+01  4.47735768E-01  7.19443E-15  2.47715E-17  6.43988E-15  2.16024E-17
   8.37204622E+01  4.52077124E-01  7.07026E-15  2.68282E-17  6.38419E-15  2.36514E-17
   8.42197906E+01  4.56422129E-01  6.94833E-15  2.87836E-17  6.32902E-15  2.56419E-17
   8.47191782E+01  4.60770452E-01  6.82859E-15  3.06416E-17  6.27437E-15  2.75757E-17
   8.52186252E+01  4.65121763E-01  6.71100E-15  3.24053E-17  6.22022E-15  2.94536E-17
   8.57181316E+01  4.69475730E-01  6.59551E-15  3.40781E-17  6.16656E-15  3.12774E-17
   8.62176975E+01  4.73832022E-01  6.48206E-15  3.56635E-17  6.11339E-15  3.30476E-17
   8.67173229E+01  4.78190306E-01  6.37062E-15  3.71643E-17  6.06070E-15  3.47664E-17
   8.72170078E+01  4.82550252E-01  6.26113E-15  3.85837E-17  6.00848E-15  3.64337E-17
   8.77167523E+01  4.86911526E-01  6.15356E-15  3.99244E-17  5.95672E-15  3.80514E-17
   8.82165564E+01  4.91273797E-01  6.04787E-15  4.11891E-17  5.90542E-15  3.96203E-17
   8.87164202E+01  4.95636732E-01  5.94401E-15  4.23808E-17  5.85456E-15  4.11413E-17
   8.92163436E+01  5.00000000E-01  5.84194E-15  4.35021E-17  5.80413E-15  4.26160E-17
   8.97163266E+01  5.04363268E-01  5.74162E-15  4.45553E-17  5.75414E-15  4.40447E-17
   9.02163694E+01  5.08726203E-01  5.64302E-15  4.55428E-17  5.70457E-15  4.54290E-17
   9.07164718E+01  5.13088474E-01  5.54610E-15  4.64670E-17  5.65542E-15  4.67692E-17
   9.12166340E+01  5.17449748E-01  5.45083E-15  4.73300E-17  5.60667E-15  4.80667E-17
   9.17168558E+01  5.21809694E-01  5.35717E-15  4.81343E-17  5.55833E-15  4.93220E-17
   9.22171373E+01  5.26167978E-01  5.26508E-15  4.88819E-17  5.51038E-15  5.05363E-17
   9.27174785E+01  5.30524270E-01  5.17454E-15  4.95743E-17  5.46282E-15  5.17103E-17
   9.32178794E+01  5.34878237E-01  5.08551E-15  5.02143E-17  5.41564E-15  5.28447E-17
   9.37183399E+01  5.39229548E-01  4.99796E-15  5.08032E-17  5.36884E-15  5.39407E-17
   9.42188600E+01  5.43577871E-01  4.91186E-15  5.13433E-17  5.32241E-15  5.49986E-17
   9.47194396E+01  5.47922876E-01  4.82718E-15  5.18358E-17  5.27634E-15  5.60199E-17
   9.52200789E+01  5.52264232E-01  4.74390E-15  5.22827E-17  5.23062E-15  5.70045E-17
   9.57207776E+01  5.56601607E-01  4.66198E-15  5.26858E-17  5.18526E-15  5.79537E-17
   9.62215359E+01  5.60934672E-01  4.58139E-15  5.30463E-17  5.14024E-15  5.88679E-17
   9.67223535E+01  5.65263096E-01  4.50212E-15  5.33663E-17  5.09556E-15  5.97479E-17
   9.72232305E+01  5.69586550E-01  4.42414E-15  5.36468E-17  5.05122E-15  6.05946E-17
   9.77241669E+01  5.73904706E-01  4.34741E-15  5.38895E-17  5.00720E-15  6.14083E-17
   9.82251625E+01  5.78217233E-01  4.27192E-15  5.40958E-17  4.96351E-15  6.21898E-17
   9.87262173E+01  5.82523803E-01  4.19765E-15  5.42665E-17  4.92014E-15  6.29398E-17
   9.92273312E+01  5.86824089E-01  4.12456E-15  5.44037E-17  4.87708E-15  6.36588E-17
   9.97285041E+01  5.91117763E-01  4.05264E-15  5.45086E-17  4.83432E-15  6.43476E-17
   1.00229736E+02  5.95404498E-01  3.98186E-15  5.45817E-17  4.79187E-15  6.50066E-17
   1.00731027E+02  5.99683967E-01  3.91220E-15  5.46248E-17  4.74972E-15  6.56367E-17
   1.01232376E+02  6.03955845E-01  3.84365E-15  5.46389E-17  4.70787E-15  6.62379E-17
   1.01733785E+02  6.08219807E-01  3.77617E-15  5.46248E-17  4.66630E-15  6.68114E-17
   1.02235252E+02  6.12475527E-01  3.70976E-15  5.45842E-17  4.62501E-15  6.73571E-17
   1.02736777E+02  6.16722682E-01  3.64439E-15  5.45176E-17  4.58401E-15  6.78761E-17
   1.03238361E+02  6.20960948E-01  3.58004E-15  5.44263E-17  4.54328E-15  6.83687E-17
   1.03740003E+02  6.25190002E-01  3.51669E-15  5.43111E-17  4.50282E-15  6.88349E-17
   1.04241703E+02  6.29409523E-01  3.45432E-15  5.41734E-17  4.46263E-15  6.92761E-17
   1.04743461E+02  6.33619188E-01  3.39293E-15  5.40133E-17  4.42271E-15  6.96923E-17
   1.05245278E+02  6.37818678E-01  3.33249E-15  5.38321E-17  4.38304E-15  7.00837E-17
   1.05747152E+02  6.42007672E-01  3.27297E-15  5.36309E-17  4.34362E-15  7.04514E-17
   1.06249083E+02  6.46185852E-01  3.21438E-15  5.34102E-17  4.30446E-15  7.07954E-17
   1.06751072E+02  6.50352900E-01  3.15669E-15  5.31709E-17  4.26554E-15  7.11164E-17
   1.07253119E+02  6.54508497E-01  3.09988E-15  5.29138E-17  4.22687E-15  7.14145E-17
   1.07755223E+02  6.58652328E-01  3.04394E-15  5.26396E-17  4.18844E-15  7.16906E-17
   1.08257384E+02  6.62784077E-01  2.98885E-15  5.23489E-17  4.15024E-15  7.19449E-17
   1.08759601E+02  6.66903430E-01  2.93461E-15  5.20426E-17  4.11228E-15  7.21774E-17
   1.09261876E+02  6.71010072E-01  2.88119E-15  5.17218E-17  4.07454E-15  7.23888E-17
   1.09764207E+02  6.75103691E-01  2.82858E-15  5.13862E-17  4.03703E-15  7.25800E-17
   1.10266595E+02  6.79183975E-01  2.77677E-15  5.10371E-17  3.99974E-15  7.27506E-17
   1.10769039E+02  6.83250613E-01  2.72574E-15  5.06750E-17  3.96267E-15  7.29012E-17
   1.11271539E+02  6.87303297E-01  2.67549E-15  5.03007E-17  3.92581E-15  7.30325E-17
   1.11774095E+02  6.91341716E-01  2.62599E-15  4.99144E-17  3.88916E-15  7.31446E-17
   1.12276706E+02  6.95365564E-01  2.57724E-15  4.95169E-17  3.85273E-15  7.32378E-17
   1.12779373E+02  6.99374534E-01  2.52923E-15  4.91086E-17  3.81650E-15  7.33124E-17
   1.13282096E+02  7.03368322E-01  2.48193E-15  4.86904E-17  3.78047E-15  7.33691E-17
   1.13784873E+02  7.07346621E-01  2.43535E-15  4.82621E-17  3.74464E-15  7.34077E-17
   1.14287705E+02  7.11309131E-01  2.38947E-15  4.78250E-17  3.70901E-15  7.34290E-17
   1.14790593E+02  7.15255548E-01  2.34427E-15  4.73793E-17  3.67357E-15  7.34328E-17
   1.15293534E+02  7.19185573E-01  2.29975E-15  4.69254E-17  3.63832E-15  7.34202E-17
   1.15796530E+02  7.23098907E-01  2.25590E-15  4.64638E-17  3.60326E-15  7.33907E-17
   1.16299580E+02  7.26995250E-01  2.21270E-15  4.59947E-17  3.56838E-15  7.33452E-17
   1.16802684E+02  7.30874307E-01  2.17015E-15  4.55186E-17  3.53369E-15  7.32833E-17
   1.17305841E+02  7.34735781E-01  2.12823E-15  4.50367E-17  3.49917E-15  7.32059E-17
   1.17809052E+02  7.38579380E-01  2.08694E-15  4.45486E-17  3.46483E-15  7.31131E-17
   1.18312316E+02  7.42404810E-01  2.04627E-15  4.40546E-17  3.43067E-15  7.30054E-17
   1.18815633E+02  7.46211780E-01  2.00621E-15  4.35557E-17  3.39668E-15  7.28823E-17
   1.19319002E+02  7.50000000E-01  1.96674E-15  4.30516E-17  3.36285E-15  7.27450E-17
   1.19822424E+02  7.53769181E-01  1.92786E-15  4.25431E-17  3.32919E-15  7.25932E-17
   1.20325898E+02  7.57519037E-01  1.88956E-15  4.20305E-17  3.29570E-15  7.24273E-17
   1.20829424E+02  7.61249282E-01  1.85184E-15  4.15141E-17  3.26237E-15  7.22479E-17
   1.21333002E+02  7.64959632E-01  1.81467E-15  4.09942E-17  3.22919E-15  7.20544E-17
   1.21836630E+02  7.68649804E-01  1.77806E-15  4.04711E-17  3.19618E-15  7.18480E-17
   1.22340310E+02  7.72319518E-01  1.74200E-15  3.99451E-17  3.16331E-15  7.16282E-17
   1.22844041E+02  7.75968493E-01  1.70648E-15  3.94168E-17  3.13060E-15  7.13954E-17
   1.23347822E+02  7.79596452E-01  1.67149E-15  3.88861E-17  3.09804E-15  7.11504E-17
   1.23851654E+02  7.83203118E-01  1.63703E-15  3.83533E-17  3.06563E-15  7.08926E-17
   1.24355535E+02  7.86788218E-01  1.60308E-15  3.78191E-17  3.03336E-15  7.06228E-17
   1.24859466E+02  7.90351478E-01  1.56964E-15  3.72831E-17  3.00123E-15  7.03408E-17
   1.25363446E+02  7.93892626E-01  1.53671E-15  3.67463E-17  2.96925E-15  7.00473E-17
   1.25867476E+02  7.97411393E-01  1.50427E-15  3.62084E-17  2.93740E-15  6.97420E-17
   1.26371554E+02  8.00907512E-01  1.47231E-15  3.56699E-17  2.90569E-15  6.94255E-17
   1.26875681E+02  8.04380715E-01  1.44085E-15  3.51308E-17  2.87411E-15  6.90978E-17
   1.27379856E+02  8.07830738E-01  1.40985E-15  3.45916E-17  2.84267E-15  6.87591E-17
   1.27884078E+02  8.11257318E-01  1.37933E-15  3.40524E-17  2.81136E-15  6.84096E-17
   1.28388348E+02  8.14660196E-01  1.34927E-15  3.35135E-17  2.78018E-15  6.80494E-17
   1.28892666E+02  8.18039110E-01  1.31967E-15  3.29749E-17  2.74912E-15  6.76792E-17
   1.29397030E+02  8.21393805E-01  1.29051E-15  3.24371E-17  2.71819E-15  6.72981E-17
   1.29901441E+02  8.24724024E-01  1.26181E-15  3.19003E-17  2.68738E-15  6.69075E-17
   1.30405898E+02  8.28029514E-01  1.23354E-15  3.13644E-17  2.65669E-15  6.65069E-17
   1.30910400E+02  8.31310024E-01  1.20571E-15  3.08298E-17  2.62612E-15  6.60968E-17
   1.31414949E+02  8.34565303E-01  1.17830E-15  3.02962E-17  2.59566E-15  6.56771E-17
   1.31919542E+02  8.37795104E-01  1.15132E-15  2.97648E-17  2.56533E-15  6.52478E-17
   1.32424180E+02  8.40999180E-01  1.12476E-15  2.92348E-17  2.53510E-15  6.48095E-17
   1.32928863E+02  8.44177288E-01  1.09861E-15  2.87071E-17  2.50499E-15  6.43623E-17
   1.33433590E+02  8.47329185E-01  1.07287E-15  2.81813E-17  2.47499E-15  6.39062E-17
   1.33938360E+02  8.50454632E-01  1.04753E-15  2.76577E-17  2.44510E-15  6.34415E-17
   1.34443174E+02  8.53553391E-01  1.02259E-15  2.71366E-17  2.41531E-15  6.29682E-17
   1.34948031E+02  8.56625225E-01  9.98042E-16  2.66181E-17  2.38563E-15  6.24865E-17
   1.35452931E+02  8.59669900E-01  9.73883E-16  2.61022E-17  2.35605E-15  6.19968E-17
   1.35957873E+02  8.62687186E-01  9.50109E-16  2.55890E-17  2.32657E-15  6.14987E-17
   1.36462857E+02  8.65676851E-01  9.26715E-16  2.50790E-17  2.29720E-15  6.09929E-17
   1.36967882E+02  8.68638668E-01  9.03695E-16  2.45722E-17  2.26792E-15  6.04790E-17
   1.37472948E+02  8.71572413E-01  8.81048E-16  2.40685E-17  2.23874E-15  5.99578E-17
   1.37978056E+02  8.74477860E-01  8.58767E-16  2.35681E-17  2.20965E-15  5.94288E-17
   1.38483203E+02  8.77354790E-01  8.36849E-16  2.30715E-17  2.18066E-15  5.88926E-17
   1.38988391E+02  8.80202983E-01  8.15290E-16  2.25783E-17  2.15176E-15  5.83492E-17
   1.39493618E+02  8.83022222E-01  7.94086E-16  2.20888E-17  2.12295E-15  5.77988E-17
   1.39998884E+02  8.85812292E-01  7.73233E-16  2.16032E-17  2.09423E-15  5.72411E-17
   1.40504189E+02  8.88572981E-01  7.52728E-16  2.11215E-17  2.06560E-15  5.66767E-17
   1.41009533E+02  8.91304078E-01  7.32566E-16  2.06444E-17  2.03705E-15  5.61057E-17
   1.41514914E+02  8.94005377E-01  7.12745E-16  2.01705E-17  2.00859E-15  5.55282E-17
   1.42020333E+02  8.96676670E-01  6.93260E-16  1.97017E-17  1.98021E-15  5.49438E-17
   1.42525789E+02  8.99317755E-01  6.74109E-16  1.92370E-17  1.95192E-15  5.43536E-17
   1.43031282E+02  9.01928430E-01  6.55287E-16  1.87767E-17  1.92370E-15  5.37572E-17
   1.43536811E+02  9.04508497E-01  6.36792E-16  1.83207E-17  1.89556E-15  5.31544E-17
   1.44042376E+02  9.07057759E-01  6.18621E-16  1.78693E-17  1.86750E-15  5.25457E-17
   1.44547976E+02  9.09576022E-01  6.00769E-16  1.74228E-17  1.83952E-15  5.19310E-17
   1.45053612E+02  9.12063094E-01  5.83235E-16  1.69813E-17  1.81162E-15  5.13107E-17
   1.45559282E+02  9.14518786E-01  5.66014E-16  1.65445E-17  1.78378E-15  5.06845E-17
   1.46064986E+02  9.16942911E-01  5.49105E-16  1.61127E-17  1.75602E-15  5.00532E-17
   1.46570723E+02  9.19335284E-01  5.32504E-16  1.56857E-17  1.72833E-15  4.94164E-17
   1.47076494E+02  9.21695723E-01  5.16208E-16  1.52641E-17  1.70071E-15  4.87741E-17
   1.47582298E+02  9.24024048E-01  5.00215E-16  1.48474E-17  1.67316E-15  4.81271E-17
   1.48088134E+02  9.26320082E-01  4.84522E-16  1.44360E-17  1.64567E-15  4.74743E-17
   1.48594003E+02  9.28583650E-01  4.69126E-16  1.40301E-17  1.61826E-15  4.68170E-17
   1.49099902E+02  9.30814580E-01  4.54025E-16  1.36296E-17  1.59090E-15  4.61544E-17
   1.49605833E+02  9.33012702E-01  4.39216E-16  1.32344E-17  1.56361E-15  4.54873E-17
   1.50111794E+02  9.35177848E-01  4.24696E-16  1.28451E-17  1.53638E-15  4.48154E-17
   1.50617785E+02  9.37309854E-01  4.10464E-16  1.24608E-17  1.50922E-15  4.41391E-17
   1.51123806E+02  9.39408556E-01  3.96516E-16  1.20827E-17  1.48211E-15  4.34582E-17
   1.51629856E+02  9.41473796E-01  3.82852E-16  1.17092E-17  1.45506E-15  4.27733E-17
   1.52135935E+02  9.43505417E-01  3.69468E-16  1.13423E-17  1.42807E-15  4.20834E-17
   1.52642042E+02  9.45503262E-01  3.56362E-16  1.09809E-17  1.40113E-15  4.13897E-17
   1.53148177E+02  9.47467181E-01  3.43531E-16  1.06256E-17  1.37425E-15  4.06917E-17
   1.53654339E+02  9.49397023E-01  3.30975E-16  1.02759E-17  1.34742E-15  3.99901E-17
   1.54160528E+02  9.51292642E-01  3.18691E-16  9.93228E-18  1.32065E-15  3.92840E-17
   1.54666743E+02  9.53153894E-01  3.06676E-16  9.59485E-18  1.29393E-15  3.85744E-17
   1.55172984E+02  9.54980635E-01  2.94929E-16  9.26343E-18  1.26725E-15  3.78612E-17
   1.55679250E+02  9.56772729E-01  2.83448E-16  8.93793E-18  1.24063E-15  3.71442E-17
   1.56185541E+02  9.58530037E-01  2.72232E-16  8.61854E-18  1.21406E-15  3.64237E-17
   1.56691857E+02  9.60252427E-01  2.61278E-16  8.30525E-18  1.18753E-15  3.56997E-17
   1.57198197E+02  9.61939766E-01  2.50585E-16  7.99803E-18  1.16105E-15  3.49723E-17
   1.57704560E+02  9.63591927E-01  2.40150E-16  7.69721E-18  1.13461E-15  3.42413E-17
   1.58210946E+02  9.65208784E-01  2.29973E-16  7.40291E-18  1.10822E-15  3.35071E-17
   1.58717354E+02  9.66790213E-01  2.20051E-16  7.11477E-18  1.08187E-15  3.27701E-17
   1.59223785E+02  9.68336095E-01  2.10384E-16  6.83258E-18  1.05556E-15  3.20301E-17
   1.59730236E+02  9.69846310E-01  2.00969E-16  6.55746E-18  1.02929E-15  3.12867E-17
   1.60236709E+02  9.71320746E-01  1.91805E-16  6.28821E-18  1.00306E-15  3.05409E-17
   1.60743202E+02  9.72759288E-01  1.82891E-16  6.02552E-18  9.76867E-16  2.97920E-17
   1.61249715E+02  9.74161828E-01  1.74225E-16  5.76932E-18  9.50713E-16  2.90406E-17
   1.61756248E+02  9.75528258E-01  1.65806E-16  5.51957E-18  9.24596E-16  2.82862E-17
   1.62262800E+02  9.76858475E-01  1.57632E-16  5.27657E-18  8.98513E-16  2.75294E-17
   1.62769369E+02  9.78152378E-01  1.49703E-16  5.03982E-18  8.72465E-16  2.67702E-17
   1.63275957E+02  9.79409867E-01  1.42017E-16  4.80984E-18  8.46450E-16  2.60086E-17
   1.63782563E+02  9.80630848E-01  1.34572E-16  4.58652E-18  8.20467E-16  2.52443E-17
   1.64289185E+02  9.81815227E-01  1.27369E-16  4.36967E-18  7.94515E-16  2.44783E-17
   1.64795823E+02  9.82962913E-01  1.20405E-16  4.15951E-18  7.68593E-16  2.37097E-17
   1.65302477E+02  9.84073820E-01  1.13679E-16  3.95615E-18  7.42700E-16  2.29391E-17
   1.65809147E+02  9.85147863E-01  1.07190E-16  3.76006E-18  7.16835E-16  2.21666E-17
   1.66315832E+02  9.86184960E-01  1.00939E-16  3.56964E-18  6.90996E-16  2.13924E-17
   1.66822530E+02  9.87185032E-01  9.49233E-17  3.38645E-18  6.65184E-16  2.06157E-17
   1.67329243E+02  9.88148004E-01  8.91419E-17  3.20997E-18  6.39397E-16  1.98375E-17
   1.67835969E+02  9.89073800E-01  8.35942E-17  3.04024E-18  6.13634E-16  1.90575E-17
   1.68342708E+02  9.89962352E-01  7.82787E-17  2.87776E-18  5.87895E-16  1.82757E-17
   1.68849458E+02  9.90813592E-01  7.31971E-17  2.72086E-18  5.62176E-16  1.74928E-17
   1.69356221E+02  9.91627454E-01  6.83449E-17  2.57203E-18  5.36481E-16  1.67072E-17
   1.69862995E+02  9.92403877E-01  6.37234E-17  2.42998E-18  5.10803E-16  1.59214E-17
   1.70369779E+02  9.93142801E-01  5.93320E-17  2.29458E-18  4.85146E-16  1.51336E-17
   1.70876574E+02  9.93844170E-01  5.51706E-17  2.16547E-18  4.59506E-16  1.43450E-17
   1.71383378E+02  9.94507932E-01  5.12365E-17  2.04407E-18  4.33884E-16  1.35544E-17
   1.71890191E+02  9.95134034E-01  4.75313E-17  1.92896E-18  4.08278E-16  1.27632E-17
   1.72397012E+02  9.95722431E-01  4.40534E-17  1.82076E-18  3.82687E-16  1.19709E-17
   1.72903842E+02  9.96273076E-01  4.08020E-17  1.71976E-18  3.57110E-16  1.11774E-17
   1.73410679E+02  9.96785928E-01  3.77762E-17  1.62615E-18  3.31547E-16  1.03833E-17
   1.73917523E+02  9.97260948E-01  3.49776E-17  1.53859E-18  3.05996E-16  9.58773E-18
   1.74424374E+02  9.97698099E-01  3.24044E-17  1.45812E-18  2.80456E-16  8.79176E-18
   1.74931230E+02  9.98097349E-01  3.00562E-17  1.38458E-18  2.54927E-16  7.99497E-18
   1.75438092E+02  9.98458667E-01  2.79322E-17  1.31839E-18  2.29408E-16  7.19712E-18
   1.75944959E+02  9.98782025E-01  2.60319E-17  1.25971E-18  2.03896E-16  6.39935E-18
   1.76451829E+02  9.99067399E-01  2.43583E-17  1.20611E-18  1.78392E-16  5.60063E-18
   1.76958704E+02  9.99314767E-01  2.29060E-17  1.16135E-18  1.52896E-16  4.80095E-18
   1.77465582E+02  9.99524111E-01  2.16778E-17  1.12330E-18  1.27405E-16  4.00124E-18
   1.77972462E+02  9.99695414E-01  2.06740E-17  1.09155E-18  1.01917E-16  3.20233E-18
   1.78479345E+02  9.99828662E-01  1.98931E-17  1.06699E-18  7.64353E-17  2.40135E-18
   1.78986229E+02  9.99923848E-01  1.93344E-17  1.05019E-18  5.09551E-17  1.60118E-18
   1.79493114E+02  9.99980962E-01  1.90013E-17  1.03865E-18  2.54747E-17  8.02182E-19
   1.79999992E+02  1.00000000E+00  1.88843E-17  1.03929E-18  3.57165E-31  1.14970E-32
