 #  Scattering field.
 #  All quantities in atomic units (a.u.), unless otherwise indicated.
 #  Z =   6, NELEC =   0,   projectile: electron
 #  Kinetic energy = 5.59999E+06 a.u. = 1.52383E+08 eV
 #
 #   i       r           r*V         r*Vst        r*Vex       r*Vpol       r*Wabs        rho_e
 #------------------------------------------------------------------------------------------------
     1  0.00000E+00  2.77556E-16  2.77556E-16  0.00000E+00  0.00000E+00  0.00000E+00  0.00000E+00
     2  6.27575E-10 -1.05669E-04 -1.05669E-04  0.00000E+00  0.00000E+00  0.00000E+00  0.00000E+00
     3  1.30038E-09 -2.18953E-04 -2.18953E-04  0.00000E+00  0.00000E+00  0.00000E+00  0.00000E+00
     4  1.99771E-09 -3.36368E-04 -3.36368E-04  0.00000E+00  0.00000E+00  0.00000E+00  0.00000E+00
     5  2.72046E-09 -4.58062E-04 -4.58062E-04  0.00000E+00  0.00000E+00  0.00000E+00  0.00000E+00
     6  3.46956E-09 -5.84193E-04 -5.84193E-04  0.00000E+00  0.00000E+00  0.00000E+00  0.00000E+00
     7  4.24596E-09 -7.14921E-04 -7.14921E-04  0.00000E+00  0.00000E+00  0.00000E+00  0.00000E+00
     8  5.05066E-09 -8.50414E-04 -8.50414E-04  0.00000E+00  0.00000E+00  0.00000E+00  0.00000E+00
     9  5.88468E-09 -9.90843E-04 -9.90843E-04  0.00000E+00  0.00000E+00  0.00000E+00  0.00000E+00
    10  6.74909E-09 -1.13639E-03 -1.13639E-03  0.00000E+00  0.00000E+00  0.00000E+00  0.00000E+00
    11  7.64499E-09 -1.28724E-03 -1.28724E-03  0.00000E+00  0.00000E+00  0.00000E+00  0.00000E+00
    12  8.57353E-09 -1.44358E-03 -1.44358E-03  0.00000E+00  0.00000E+00  0.00000E+00  0.00000E+00
    13  9.53588E-09 -1.60562E-03 -1.60562E-03  0.00000E+00  0.00000E+00  0.00000E+00  0.00000E+00
    14  1.05333E-08 -1.77356E-03 -1.77356E-03  0.00000E+00  0.00000E+00  0.00000E+00  0.00000E+00
    15  1.15670E-08 -1.94761E-03 -1.94761E-03  0.00000E+00  0.00000E+00  0.00000E+00  0.00000E+00
    16  1.26384E-08 -2.12800E-03 -2.12800E-03  0.00000E+00  0.00000E+00  0.00000E+00  0.00000E+00
    17  1.37487E-08 -2.31496E-03 -2.31496E-03  0.00000E+00  0.00000E+00  0.00000E+00  0.00000E+00
    18  1.48995E-08 -2.50872E-03 -2.50872E-03  0.00000E+00  0.00000E+00  0.00000E+00  0.00000E+00
    19  1.60921E-08 -2.70954E-03 -2.70954E-03  0.00000E+00  0.00000E+00  0.00000E+00  0.00000E+00
    20  1.73282E-08 -2.91766E-03 -2.91766E-03  0.00000E+00  0.00000E+00  0.00000E+00  0.00000E+00
    21  1.86092E-08 -3.13335E-03 -3.13335E-03  0.00000E+00  0.00000E+00  0.00000E+00  0.00000E+00
    22  1.99367E-08 -3.35688E-03 -3.35688E-03  0.00000E+00  0.00000E+00  0.00000E+00  0.00000E+00
    23  2.13126E-08 -3.58855E-03 -3.58855E-03  0.00000E+00  0.00000E+00  0.00000E+00  0.00000E+00
    24  2.27385E-08 -3.82864E-03 -3.82864E-03  0.00000E+00  0.00000E+00  0.00000E+00  0.00000E+00
    25  2.42162E-08 -4.07745E-03 -4.07745E-03  0.00000E+00  0.00000E+00  0.00000E+00  0.00000E+00
    26  2.57477E-08 -4.33531E-03 -4.33531E-03  0.00000E+00  0.00000E+00  0.00000E+00  0.00000E+00
    27  2.73348E-08 -4.60253E-03 -4.60253E-03  0.00000E+00  0.00000E+00  0.00000E+00  0.00000E+00
    28  2.89795E-08 -4.87947E-03 -4.87947E-03  0.00000E+00  0.00000E+00  0.00000E+00  0.00000E+00
    29  3.06840E-08 -5.16646E-03 -5.16646E-03  0.00000E+00  0.00000E+00  0.00000E+00  0.00000E+00
    30  3.24503E-08 -5.46388E-03 -5.46388E-03  0.00000E+00  0.00000E+00  0.00000E+00  0.00000E+00
    31  3.42808E-08 -5.77209E-03 -5.77209E-03  0.00000E+00  0.00000E+00  0.00000E+00  0.00000E+00
    32  3.61777E-08 -6.09148E-03 -6.09148E-03  0.00000E+00  0.00000E+00  0.00000E+00  0.00000E+00
    33  3.81435E-08 -6.42247E-03 -6.42247E-03  0.00000E+00  0.00000E+00  0.00000E+00  0.00000E+00
    34  4.01805E-08 -6.76546E-03 -6.76546E-03  0.00000E+00  0.00000E+00  0.00000E+00  0.00000E+00
    35  4.22914E-08 -7.12089E-03 -7.12089E-03  0.00000E+00  0.00000E+00  0.00000E+00  0.00000E+00
    36  4.44789E-08 -7.48920E-03 -7.48920E-03  0.00000E+00  0.00000E+00  0.00000E+00  0.00000E+00
    37  4.67456E-08 -7.87087E-03 -7.87087E-03  0.00000E+00  0.00000E+00  0.00000E+00  0.00000E+00
    38  4.90944E-08 -8.26636E-03 -8.26636E-03  0.00000E+00  0.00000E+00  0.00000E+00  0.00000E+00
    39  5.15284E-08 -8.67617E-03 -8.67617E-03  0.00000E+00  0.00000E+00  0.00000E+00  0.00000E+00
    40  5.40504E-08 -9.10082E-03 -9.10082E-03  0.00000E+00  0.00000E+00  0.00000E+00  0.00000E+00
    41  5.66637E-08 -9.54085E-03 -9.54085E-03  0.00000E+00  0.00000E+00  0.00000E+00  0.00000E+00
    42  5.93716E-08 -9.99679E-03 -9.99679E-03  0.00000E+00  0.00000E+00  0.00000E+00  0.00000E+00
    43  6.21774E-08 -1.04692E-02 -1.04692E-02  0.00000E+00  0.00000E+00  0.00000E+00  0.00000E+00
    44  6.50847E-08 -1.09587E-02 -1.09587E-02  0.00000E+00  0.00000E+00  0.00000E+00  0.00000E+00
    45  6.80970E-08 -1.14659E-02 -1.14659E-02  0.00000E+00  0.00000E+00  0.00000E+00  0.00000E+00
    46  7.12181E-08 -1.19915E-02 -1.19915E-02  0.00000E+00  0.00000E+00  0.00000E+00  0.00000E+00
    47  7.44519E-08 -1.25360E-02 -1.25360E-02  0.00000E+00  0.00000E+00  0.00000E+00  0.00000E+00
    48  7.78025E-08 -1.31001E-02 -1.31001E-02  0.00000E+00  0.00000E+00  0.00000E+00  0.00000E+00
    49  8.12739E-08 -1.36846E-02 -1.36846E-02  0.00000E+00  0.00000E+00  0.00000E+00  0.00000E+00
    50  8.48705E-08 -1.42902E-02 -1.42902E-02  0.00000E+00  0.00000E+00  0.00000E+00  0.00000E+00
    51  8.85967E-08 -1.49176E-02 -1.49176E-02  0.00000E+00  0.00000E+00  0.00000E+00  0.00000E+00
    52  9.24572E-08 -1.55676E-02 -1.55676E-02  0.00000E+00  0.00000E+00  0.00000E+00  0.00000E+00
    53  9.64566E-08 -1.62410E-02 -1.62410E-02  0.00000E+00  0.00000E+00  0.00000E+00  0.00000E+00
    54  1.00600E-07 -1.69387E-02 -1.69387E-02  0.00000E+00  0.00000E+00  0.00000E+00  0.00000E+00
    55  1.04892E-07 -1.76614E-02 -1.76614E-02  0.00000E+00  0.00000E+00  0.00000E+00  0.00000E+00
    56  1.09339E-07 -1.84101E-02 -1.84101E-02  0.00000E+00  0.00000E+00  0.00000E+00  0.00000E+00
    57  1.13945E-07 -1.91857E-02 -1.91857E-02  0.00000E+00  0.00000E+00  0.00000E+00  0.00000E+00
    58  1.18717E-07 -1.99891E-02 -1.99891E-02  0.00000E+00  0.00000E+00  0.00000E+00  0.00000E+00
    59  1.23660E-07 -2.08214E-02 -2.08214E-02  0.00000E+00  0.00000E+00  0.00000E+00  0.00000E+00
    60  1.28780E-07 -2.16835E-02 -2.16835E-02  0.00000E+00  0.00000E+00  0.00000E+00  0.00000E+00
    61  1.34083E-07 -2.25764E-02 -2.25764E-02  0.00000E+00  0.00000E+00  0.00000E+00  0.00000E+00
    62  1.39577E-07 -2.35014E-02 -2.35014E-02  0.00000E+00  0.00000E+00  0.00000E+00  0.00000E+00
    63  1.45266E-07 -2.44594E-02 -2.44594E-02  0.00000E+00  0.00000E+00  0.00000E+00  0.00000E+00
    64  1.51160E-07 -2.54517E-02 -2.54517E-02  0.00000E+00  0.00000E+00  0.00000E+00  0.00000E+00
    65  1.57263E-07 -2.64794E-02 -2.64794E-02  0.00000E+00  0.00000E+00  0.00000E+00  0.00000E+00
    66  1.63585E-07 -2.75437E-02 -2.75437E-02  0.00000E+00  0.00000E+00  0.00000E+00  0.00000E+00
    67  1.70131E-07 -2.86460E-02 -2.86460E-02  0.00000E+00  0.00000E+00  0.00000E+00  0.00000E+00
    68  1.76911E-07 -2.97876E-02 -2.97876E-02  0.00000E+00  0.00000E+00  0.00000E+00  0.00000E+00
    69  1.83933E-07 -3.09698E-02 -3.09698E-02  0.00000E+00  0.00000E+00  0.00000E+00  0.00000E+00
    70  1.91204E-07 -3.21941E-02 -3.21941E-02  0.00000E+00  0.00000E+00  0.00000E+00  0.00000E+00
    71  1.98733E-07 -3.34618E-02 -3.34618E-02  0.00000E+00  0.00000E+00  0.00000E+00  0.00000E+00
    72  2.06529E-07 -3.47745E-02 -3.47745E-02  0.00000E+00  0.00000E+00  0.00000E+00  0.00000E+00
    73  2.14602E-07 -3.61337E-02 -3.61337E-02  0.00000E+00  0.00000E+00  0.00000E+00  0.00000E+00
    74  2.22960E-07 -3.75410E-02 -3.75410E-02  0.00000E+00  0.00000E+00  0.00000E+00  0.00000E+00
    75  2.31614E-07 -3.89981E-02 -3.89981E-02  0.00000E+00  0.00000E+00  0.00000E+00  0.00000E+00
    76  2.40574E-07 -4.05067E-02 -4.05067E-02  0.00000E+00  0.00000E+00  0.00000E+00  0.00000E+00
    77  2.49850E-07 -4.20685E-02 -4.20685E-02  0.00000E+00  0.00000E+00  0.00000E+00  0.00000E+00
    78  2.59453E-07 -4.36853E-02 -4.36853E-02  0.00000E+00  0.00000E+00  0.00000E+00  0.00000E+00
    79  2.69393E-07 -4.53590E-02 -4.53590E-02  0.00000E+00  0.00000E+00  0.00000E+00  0.00000E+00
    80  2.79683E-07 -4.70916E-02 -4.70916E-02  0.00000E+00  0.00000E+00  0.00000E+00  0.00000E+00
    81  2.90334E-07 -4.88849E-02 -4.88849E-02  0.00000E+00  0.00000E+00  0.00000E+00  0.00000E+00
    82  3.01358E-07 -5.07410E-02 -5.07410E-02  0.00000E+00  0.00000E+00  0.00000E+00  0.00000E+00
    83  3.12768E-07 -5.26621E-02 -5.26621E-02  0.00000E+00  0.00000E+00  0.00000E+00  0.00000E+00
    84  3.24577E-07 -5.46503E-02 -5.46503E-02  0.00000E+00  0.00000E+00  0.00000E+00  0.00000E+00
    85  3.36797E-07 -5.67078E-02 -5.67078E-02  0.00000E+00  0.00000E+00  0.00000E+00  0.00000E+00
    86  3.49443E-07 -5.88370E-02 -5.88370E-02  0.00000E+00  0.00000E+00  0.00000E+00  0.00000E+00
    87  3.62529E-07 -6.10402E-02 -6.10402E-02  0.00000E+00  0.00000E+00  0.00000E+00  0.00000E+00
    88  3.76068E-07 -6.33198E-02 -6.33198E-02  0.00000E+00  0.00000E+00  0.00000E+00  0.00000E+00
    89  3.90077E-07 -6.56783E-02 -6.56783E-02  0.00000E+00  0.00000E+00  0.00000E+00  0.00000E+00
    90  4.04570E-07 -6.81184E-02 -6.81184E-02  0.00000E+00  0.00000E+00  0.00000E+00  0.00000E+00
    91  4.19563E-07 -7.06427E-02 -7.06427E-02  0.00000E+00  0.00000E+00  0.00000E+00  0.00000E+00
    92  4.35072E-07 -7.32539E-02 -7.32539E-02  0.00000E+00  0.00000E+00  0.00000E+00  0.00000E+00
    93  4.51114E-07 -7.59547E-02 -7.59547E-02  0.00000E+00  0.00000E+00  0.00000E+00  0.00000E+00
    94  4.67706E-07 -7.87482E-02 -7.87482E-02  0.00000E+00  0.00000E+00  0.00000E+00  0.00000E+00
    95  4.84866E-07 -8.16372E-02 -8.16372E-02  0.00000E+00  0.00000E+00  0.00000E+00  0.00000E+00
    96  5.02612E-07 -8.46248E-02 -8.46248E-02  0.00000E+00  0.00000E+00  0.00000E+00  0.00000E+00
    97  5.20961E-07 -8.77141E-02 -8.77141E-02  0.00000E+00  0.00000E+00  0.00000E+00  0.00000E+00
    98  5.39935E-07 -9.09084E-02 -9.09084E-02  0.00000E+00  0.00000E+00  0.00000E+00  0.00000E+00
    99  5.59551E-07 -9.42108E-02 -9.42108E-02  0.00000E+00  0.00000E+00  0.00000E+00  0.00000E+00
   100  5.79829E-07 -9.76248E-02 -9.76248E-02  0.00000E+00  0.00000E+00  0.00000E+00  0.00000E+00
   101  6.00792E-07 -1.01154E-01 -1.01154E-01  0.00000E+00  0.00000E+00  0.00000E+00  0.00000E+00
   102  6.22459E-07 -1.04801E-01 -1.04801E-01  0.00000E+00  0.00000E+00  0.00000E+00  0.00000E+00
   103  6.44852E-07 -1.08571E-01 -1.08571E-01  0.00000E+00  0.00000E+00  0.00000E+00  0.00000E+00
   104  6.67993E-07 -1.12467E-01 -1.12467E-01  0.00000E+00  0.00000E+00  0.00000E+00  0.00000E+00
   105  6.91905E-07 -1.16492E-01 -1.16492E-01  0.00000E+00  0.00000E+00  0.00000E+00  0.00000E+00
   106  7.16611E-07 -1.20651E-01 -1.20651E-01  0.00000E+00  0.00000E+00  0.00000E+00  0.00000E+00
   107  7.42135E-07 -1.24948E-01 -1.24948E-01  0.00000E+00  0.00000E+00  0.00000E+00  0.00000E+00
   108  7.68501E-07 -1.29386E-01 -1.29386E-01  0.00000E+00  0.00000E+00  0.00000E+00  0.00000E+00
   109  7.95733E-07 -1.33970E-01 -1.33970E-01  0.00000E+00  0.00000E+00  0.00000E+00  0.00000E+00
   110  8.23858E-07 -1.38704E-01 -1.38704E-01  0.00000E+00  0.00000E+00  0.00000E+00  0.00000E+00
   111  8.52900E-07 -1.43593E-01 -1.43593E-01  0.00000E+00  0.00000E+00  0.00000E+00  0.00000E+00
   112  8.82887E-07 -1.48640E-01 -1.48640E-01  0.00000E+00  0.00000E+00  0.00000E+00  0.00000E+00
   113  9.13844E-07 -1.53851E-01 -1.53851E-01  0.00000E+00  0.00000E+00  0.00000E+00  0.00000E+00
   114  9.45800E-07 -1.59229E-01 -1.59229E-01  0.00000E+00  0.00000E+00  0.00000E+00  0.00000E+00
   115  9.78782E-07 -1.64780E-01 -1.64780E-01  0.00000E+00  0.00000E+00  0.00000E+00  0.00000E+00
   116  1.01282E-06 -1.70509E-01 -1.70509E-01  0.00000E+00  0.00000E+00  0.00000E+00  0.00000E+00
   117  1.04794E-06 -1.76419E-01 -1.76419E-01  0.00000E+00  0.00000E+00  0.00000E+00  0.00000E+00
   118  1.08417E-06 -1.82517E-01 -1.82517E-01  0.00000E+00  0.00000E+00  0.00000E+00  0.00000E+00
   119  1.12155E-06 -1.88807E-01 -1.88807E-01  0.00000E+00  0.00000E+00  0.00000E+00  0.00000E+00
   120  1.16010E-06 -1.95294E-01 -1.95294E-01  0.00000E+00  0.00000E+00  0.00000E+00  0.00000E+00
   121  1.19986E-06 -2.01984E-01 -2.01984E-01  0.00000E+00  0.00000E+00  0.00000E+00  0.00000E+00
   122  1.24085E-06 -2.08881E-01 -2.08881E-01  0.00000E+00  0.00000E+00  0.00000E+00  0.00000E+00
   123  1.28311E-06 -2.15992E-01 -2.15992E-01  0.00000E+00  0.00000E+00  0.00000E+00  0.00000E+00
   124  1.32667E-06 -2.23320E-01 -2.23320E-01  0.00000E+00  0.00000E+00  0.00000E+00  0.00000E+00
   125  1.37156E-06 -2.30872E-01 -2.30872E-01  0.00000E+00  0.00000E+00  0.00000E+00  0.00000E+00
   126  1.41781E-06 -2.38654E-01 -2.38654E-01  0.00000E+00  0.00000E+00  0.00000E+00  0.00000E+00
   127  1.46547E-06 -2.46670E-01 -2.46670E-01  0.00000E+00  0.00000E+00  0.00000E+00  0.00000E+00
   128  1.51455E-06 -2.54927E-01 -2.54927E-01  0.00000E+00  0.00000E+00  0.00000E+00  0.00000E+00
   129  1.56511E-06 -2.63430E-01 -2.63430E-01  0.00000E+00  0.00000E+00  0.00000E+00  0.00000E+00
   130  1.61716E-06 -2.72184E-01 -2.72184E-01  0.00000E+00  0.00000E+00  0.00000E+00  0.00000E+00
   131  1.67075E-06 -2.81196E-01 -2.81196E-01  0.00000E+00  0.00000E+00  0.00000E+00  0.00000E+00
   132  1.72591E-06 -2.90471E-01 -2.90471E-01  0.00000E+00  0.00000E+00  0.00000E+00  0.00000E+00
   133  1.78267E-06 -3.00016E-01 -3.00016E-01  0.00000E+00  0.00000E+00  0.00000E+00  0.00000E+00
   134  1.84107E-06 -3.09835E-01 -3.09835E-01  0.00000E+00  0.00000E+00  0.00000E+00  0.00000E+00
   135  1.90115E-06 -3.19934E-01 -3.19934E-01  0.00000E+00  0.00000E+00  0.00000E+00  0.00000E+00
   136  1.96294E-06 -3.30321E-01 -3.30321E-01  0.00000E+00  0.00000E+00  0.00000E+00  0.00000E+00
   137  2.02648E-06 -3.40999E-01 -3.40999E-01  0.00000E+00  0.00000E+00  0.00000E+00  0.00000E+00
   138  2.09180E-06 -3.51976E-01 -3.51976E-01  0.00000E+00  0.00000E+00  0.00000E+00  0.00000E+00
   139  2.15893E-06 -3.63257E-01 -3.63257E-01  0.00000E+00  0.00000E+00  0.00000E+00  0.00000E+00
   140  2.22792E-06 -3.74847E-01 -3.74847E-01  0.00000E+00  0.00000E+00  0.00000E+00  0.00000E+00
   141  2.29880E-06 -3.86753E-01 -3.86753E-01  0.00000E+00  0.00000E+00  0.00000E+00  0.00000E+00
   142  2.37160E-06 -3.98981E-01 -3.98981E-01  0.00000E+00  0.00000E+00  0.00000E+00  0.00000E+00
   143  2.44635E-06 -4.11535E-01 -4.11535E-01  0.00000E+00  0.00000E+00  0.00000E+00  0.00000E+00
   144  2.52311E-06 -4.24422E-01 -4.24422E-01  0.00000E+00  0.00000E+00  0.00000E+00  0.00000E+00
   145  2.60189E-06 -4.37647E-01 -4.37647E-01  0.00000E+00  0.00000E+00  0.00000E+00  0.00000E+00
   146  2.68273E-06 -4.51216E-01 -4.51216E-01  0.00000E+00  0.00000E+00  0.00000E+00  0.00000E+00
   147  2.76567E-06 -4.65134E-01 -4.65134E-01  0.00000E+00  0.00000E+00  0.00000E+00  0.00000E+00
   148  2.85074E-06 -4.79406E-01 -4.79406E-01  0.00000E+00  0.00000E+00  0.00000E+00  0.00000E+00
   149  2.93798E-06 -4.94039E-01 -4.94039E-01  0.00000E+00  0.00000E+00  0.00000E+00  0.00000E+00
   150  3.02741E-06 -5.09036E-01 -5.09036E-01  0.00000E+00  0.00000E+00  0.00000E+00  0.00000E+00
   151  3.11907E-06 -5.24403E-01 -5.24403E-01  0.00000E+00  0.00000E+00  0.00000E+00  0.00000E+00
   152  3.21299E-06 -5.40146E-01 -5.40146E-01  0.00000E+00  0.00000E+00  0.00000E+00  0.00000E+00
   153  3.30921E-06 -5.56267E-01 -5.56267E-01  0.00000E+00  0.00000E+00  0.00000E+00  0.00000E+00
   154  3.40775E-06 -5.72774E-01 -5.72774E-01  0.00000E+00  0.00000E+00  0.00000E+00  0.00000E+00
   155  3.50864E-06 -5.89669E-01 -5.89669E-01  0.00000E+00  0.00000E+00  0.00000E+00  0.00000E+00
   156  3.61191E-06 -6.06957E-01 -6.06957E-01  0.00000E+00  0.00000E+00  0.00000E+00  0.00000E+00
   157  3.71759E-06 -6.24643E-01 -6.24643E-01  0.00000E+00  0.00000E+00  0.00000E+00  0.00000E+00
   158  3.82572E-06 -6.42730E-01 -6.42730E-01  0.00000E+00  0.00000E+00  0.00000E+00  0.00000E+00
   159  3.93630E-06 -6.61222E-01 -6.61222E-01  0.00000E+00  0.00000E+00  0.00000E+00  0.00000E+00
   160  4.04938E-06 -6.80124E-01 -6.80124E-01  0.00000E+00  0.00000E+00  0.00000E+00  0.00000E+00
   161  4.16498E-06 -6.99437E-01 -6.99437E-01  0.00000E+00  0.00000E+00  0.00000E+00  0.00000E+00
   162  4.28311E-06 -7.19167E-01 -7.19167E-01  0.00000E+00  0.00000E+00  0.00000E+00  0.00000E+00
   163  4.40381E-06 -7.39315E-01 -7.39315E-01  0.00000E+00  0.00000E+00  0.00000E+00  0.00000E+00
   164  4.52710E-06 -7.59885E-01 -7.59885E-01  0.00000E+00  0.00000E+00  0.00000E+00  0.00000E+00
   165  4.65299E-06 -7.80878E-01 -7.80878E-01  0.00000E+00  0.00000E+00  0.00000E+00  0.00000E+00
   166  4.78151E-06 -8.02299E-01 -8.02299E-01  0.00000E+00  0.00000E+00  0.00000E+00  0.00000E+00
   167  4.91267E-06 -8.24147E-01 -8.24147E-01  0.00000E+00  0.00000E+00  0.00000E+00  0.00000E+00
   168  5.04651E-06 -8.46427E-01 -8.46427E-01  0.00000E+00  0.00000E+00  0.00000E+00  0.00000E+00
   169  5.18302E-06 -8.69138E-01 -8.69138E-01  0.00000E+00  0.00000E+00  0.00000E+00  0.00000E+00
   170  5.32223E-06 -8.92283E-01 -8.92283E-01  0.00000E+00  0.00000E+00  0.00000E+00  0.00000E+00
   171  5.46416E-06 -9.15863E-01 -9.15863E-01  0.00000E+00  0.00000E+00  0.00000E+00  0.00000E+00
   172  5.60881E-06 -9.39878E-01 -9.39878E-01  0.00000E+00  0.00000E+00  0.00000E+00  0.00000E+00
   173  5.75620E-06 -9.64329E-01 -9.64329E-01  0.00000E+00  0.00000E+00  0.00000E+00  0.00000E+00
   174  5.90634E-06 -9.89217E-01 -9.89217E-01  0.00000E+00  0.00000E+00  0.00000E+00  0.00000E+00
   175  6.05924E-06 -1.01454E+00 -1.01454E+00  0.00000E+00  0.00000E+00  0.00000E+00  0.00000E+00
   176  6.21491E-06 -1.04030E+00 -1.04030E+00  0.00000E+00  0.00000E+00  0.00000E+00  0.00000E+00
   177  6.37335E-06 -1.06650E+00 -1.06650E+00  0.00000E+00  0.00000E+00  0.00000E+00  0.00000E+00
   178  6.53459E-06 -1.09313E+00 -1.09313E+00  0.00000E+00  0.00000E+00  0.00000E+00  0.00000E+00
   179  6.69861E-06 -1.12019E+00 -1.12019E+00  0.00000E+00  0.00000E+00  0.00000E+00  0.00000E+00
   180  6.86542E-06 -1.14769E+00 -1.14769E+00  0.00000E+00  0.00000E+00  0.00000E+00  0.00000E+00
   181  7.03504E-06 -1.17562E+00 -1.17562E+00  0.00000E+00  0.00000E+00  0.00000E+00  0.00000E+00
   182  7.20745E-06 -1.20398E+00 -1.20398E+00  0.00000E+00  0.00000E+00  0.00000E+00  0.00000E+00
   183  7.38267E-06 -1.23276E+00 -1.23276E+00  0.00000E+00  0.00000E+00  0.00000E+00  0.00000E+00
   184  7.56069E-06 -1.26197E+00 -1.26197E+00  0.00000E+00  0.00000E+00  0.00000E+00  0.00000E+00
   185  7.74151E-06 -1.29160E+00 -1.29160E+00  0.00000E+00  0.00000E+00  0.00000E+00  0.00000E+00
   186  7.92513E-06 -1.32165E+00 -1.32165E+00  0.00000E+00  0.00000E+00  0.00000E+00  0.00000E+00
   187  8.11154E-06 -1.35212E+00 -1.35212E+00  0.00000E+00  0.00000E+00  0.00000E+00  0.00000E+00
   188  8.30075E-06 -1.38300E+00 -1.38300E+00  0.00000E+00  0.00000E+00  0.00000E+00  0.00000E+00
   189  8.49274E-06 -1.41428E+00 -1.41428E+00  0.00000E+00  0.00000E+00  0.00000E+00  0.00000E+00
   190  8.68752E-06 -1.44597E+00 -1.44597E+00  0.00000E+00  0.00000E+00  0.00000E+00  0.00000E+00
   191  8.88507E-06 -1.47806E+00 -1.47806E+00  0.00000E+00  0.00000E+00  0.00000E+00  0.00000E+00
   192  9.08538E-06 -1.51054E+00 -1.51054E+00  0.00000E+00  0.00000E+00  0.00000E+00  0.00000E+00
   193  9.28845E-06 -1.54341E+00 -1.54341E+00  0.00000E+00  0.00000E+00  0.00000E+00  0.00000E+00
   194  9.49427E-06 -1.57666E+00 -1.57666E+00  0.00000E+00  0.00000E+00  0.00000E+00  0.00000E+00
   195  9.70283E-06 -1.61030E+00 -1.61030E+00  0.00000E+00  0.00000E+00  0.00000E+00  0.00000E+00
   196  9.91412E-06 -1.64431E+00 -1.64431E+00  0.00000E+00  0.00000E+00  0.00000E+00  0.00000E+00
   197  1.01281E-05 -1.67868E+00 -1.67868E+00  0.00000E+00  0.00000E+00  0.00000E+00  0.00000E+00
   198  1.03448E-05 -1.71342E+00 -1.71342E+00  0.00000E+00  0.00000E+00  0.00000E+00  0.00000E+00
   199  1.05642E-05 -1.74851E+00 -1.74851E+00  0.00000E+00  0.00000E+00  0.00000E+00  0.00000E+00
   200  1.07863E-05 -1.78394E+00 -1.78394E+00  0.00000E+00  0.00000E+00  0.00000E+00  0.00000E+00
   201  1.10110E-05 -1.81972E+00 -1.81972E+00  0.00000E+00  0.00000E+00  0.00000E+00  0.00000E+00
   202  1.12384E-05 -1.85583E+00 -1.85583E+00  0.00000E+00  0.00000E+00  0.00000E+00  0.00000E+00
   203  1.14684E-05 -1.89227E+00 -1.89227E+00  0.00000E+00  0.00000E+00  0.00000E+00  0.00000E+00
   204  1.17010E-05 -1.92902E+00 -1.92902E+00  0.00000E+00  0.00000E+00  0.00000E+00  0.00000E+00
   205  1.19362E-05 -1.96608E+00 -1.96608E+00  0.00000E+00  0.00000E+00  0.00000E+00  0.00000E+00
   206  1.21740E-05 -2.00345E+00 -2.00345E+00  0.00000E+00  0.00000E+00  0.00000E+00  0.00000E+00
   207  1.24143E-05 -2.04111E+00 -2.04111E+00  0.00000E+00  0.00000E+00  0.00000E+00  0.00000E+00
   208  1.26572E-05 -2.07905E+00 -2.07905E+00  0.00000E+00  0.00000E+00  0.00000E+00  0.00000E+00
   209  1.29026E-05 -2.11727E+00 -2.11727E+00  0.00000E+00  0.00000E+00  0.00000E+00  0.00000E+00
   210  1.31506E-05 -2.15576E+00 -2.15576E+00  0.00000E+00  0.00000E+00  0.00000E+00  0.00000E+00
   211  1.34010E-05 -2.19451E+00 -2.19451E+00  0.00000E+00  0.00000E+00  0.00000E+00  0.00000E+00
   212  1.36538E-05 -2.23350E+00 -2.23350E+00  0.00000E+00  0.00000E+00  0.00000E+00  0.00000E+00
   213  1.39091E-05 -2.27273E+00 -2.27273E+00  0.00000E+00  0.00000E+00  0.00000E+00  0.00000E+00
   214  1.41669E-05 -2.31220E+00 -2.31220E+00  0.00000E+00  0.00000E+00  0.00000E+00  0.00000E+00
   215  1.44270E-05 -2.35188E+00 -2.35188E+00  0.00000E+00  0.00000E+00  0.00000E+00  0.00000E+00
   216  1.46895E-05 -2.39177E+00 -2.39177E+00  0.00000E+00  0.00000E+00  0.00000E+00  0.00000E+00
   217  1.49544E-05 -2.43186E+00 -2.43186E+00  0.00000E+00  0.00000E+00  0.00000E+00  0.00000E+00
   218  1.52216E-05 -2.47214E+00 -2.47214E+00  0.00000E+00  0.00000E+00  0.00000E+00  0.00000E+00
   219  1.54912E-05 -2.51260E+00 -2.51260E+00  0.00000E+00  0.00000E+00  0.00000E+00  0.00000E+00
   220  1.57630E-05 -2.55322E+00 -2.55322E+00  0.00000E+00  0.00000E+00  0.00000E+00  0.00000E+00
   221  1.60371E-05 -2.59400E+00 -2.59400E+00  0.00000E+00  0.00000E+00  0.00000E+00  0.00000E+00
   222  1.63135E-05 -2.63493E+00 -2.63493E+00  0.00000E+00  0.00000E+00  0.00000E+00  0.00000E+00
   223  1.65921E-05 -2.67599E+00 -2.67599E+00  0.00000E+00  0.00000E+00  0.00000E+00  0.00000E+00
   224  1.68729E-05 -2.71717E+00 -2.71717E+00  0.00000E+00  0.00000E+00  0.00000E+00  0.00000E+00
   225  1.71559E-05 -2.75847E+00 -2.75847E+00  0.00000E+00  0.00000E+00  0.00000E+00  0.00000E+00
   226  1.74411E-05 -2.79987E+00 -2.79987E+00  0.00000E+00  0.00000E+00  0.00000E+00  0.00000E+00
   227  1.77284E-05 -2.84135E+00 -2.84135E+00  0.00000E+00  0.00000E+00  0.00000E+00  0.00000E+00
   228  1.80178E-05 -2.88292E+00 -2.88292E+00  0.00000E+00  0.00000E+00  0.00000E+00  0.00000E+00
   229  1.83093E-05 -2.92454E+00 -2.92454E+00  0.00000E+00  0.00000E+00  0.00000E+00  0.00000E+00
   230  1.86029E-05 -2.96623E+00 -2.96623E+00  0.00000E+00  0.00000E+00  0.00000E+00  0.00000E+00
   231  1.88985E-05 -3.00795E+00 -3.00795E+00  0.00000E+00  0.00000E+00  0.00000E+00  0.00000E+00
   232  1.91962E-05 -3.04970E+00 -3.04970E+00  0.00000E+00  0.00000E+00  0.00000E+00  0.00000E+00
   233  1.94959E-05 -3.09147E+00 -3.09147E+00  0.00000E+00  0.00000E+00  0.00000E+00  0.00000E+00
   234  1.97976E-05 -3.13325E+00 -3.13325E+00  0.00000E+00  0.00000E+00  0.00000E+00  0.00000E+00
   235  2.01013E-05 -3.17502E+00 -3.17502E+00  0.00000E+00  0.00000E+00  0.00000E+00  0.00000E+00
   236  2.04069E-05 -3.21677E+00 -3.21677E+00  0.00000E+00  0.00000E+00  0.00000E+00  0.00000E+00
   237  2.07144E-05 -3.25849E+00 -3.25849E+00  0.00000E+00  0.00000E+00  0.00000E+00  0.00000E+00
   238  2.10238E-05 -3.30017E+00 -3.30017E+00  0.00000E+00  0.00000E+00  0.00000E+00  0.00000E+00
   239  2.13351E-05 -3.34179E+00 -3.34179E+00  0.00000E+00  0.00000E+00  0.00000E+00  0.00000E+00
   240  2.16483E-05 -3.38335E+00 -3.38335E+00  0.00000E+00  0.00000E+00  0.00000E+00  0.00000E+00
   241  2.19633E-05 -3.42482E+00 -3.42482E+00  0.00000E+00  0.00000E+00  0.00000E+00  0.00000E+00
   242  2.22801E-05 -3.46620E+00 -3.46620E+00  0.00000E+00  0.00000E+00  0.00000E+00  0.00000E+00
   243  2.25987E-05 -3.50748E+00 -3.50748E+00  0.00000E+00  0.00000E+00  0.00000E+00  0.00000E+00
   244  2.29191E-05 -3.54865E+00 -3.54865E+00  0.00000E+00  0.00000E+00  0.00000E+00  0.00000E+00
   245  2.32412E-05 -3.58968E+00 -3.58968E+00  0.00000E+00  0.00000E+00  0.00000E+00  0.00000E+00
   246  2.35651E-05 -3.63057E+00 -3.63057E+00  0.00000E+00  0.00000E+00  0.00000E+00  0.00000E+00
   247  2.38907E-05 -3.67131E+00 -3.67131E+00  0.00000E+00  0.00000E+00  0.00000E+00  0.00000E+00
   248  2.42180E-05 -3.71189E+00 -3.71189E+00  0.00000E+00  0.00000E+00  0.00000E+00  0.00000E+00
   249  2.45470E-05 -3.75229E+00 -3.75229E+00  0.00000E+00  0.00000E+00  0.00000E+00  0.00000E+00
   250  2.48776E-05 -3.79250E+00 -3.79250E+00  0.00000E+00  0.00000E+00  0.00000E+00  0.00000E+00
   251  2.52098E-05 -3.83252E+00 -3.83252E+00  0.00000E+00  0.00000E+00  0.00000E+00  0.00000E+00
   252  2.55437E-05 -3.87232E+00 -3.87232E+00  0.00000E+00  0.00000E+00  0.00000E+00  0.00000E+00
   253  2.58792E-05 -3.91190E+00 -3.91190E+00  0.00000E+00  0.00000E+00  0.00000E+00  0.00000E+00
   254  2.62162E-05 -3.95124E+00 -3.95124E+00  0.00000E+00  0.00000E+00  0.00000E+00  0.00000E+00
   255  2.65548E-05 -3.99034E+00 -3.99034E+00  0.00000E+00  0.00000E+00  0.00000E+00  0.00000E+00
   256  2.68950E-05 -4.02919E+00 -4.02919E+00  0.00000E+00  0.00000E+00  0.00000E+00  0.00000E+00
   257  2.72367E-05 -4.06777E+00 -4.06777E+00  0.00000E+00  0.00000E+00  0.00000E+00  0.00000E+00
   258  2.75799E-05 -4.10607E+00 -4.10607E+00  0.00000E+00  0.00000E+00  0.00000E+00  0.00000E+00
   259  2.79245E-05 -4.14408E+00 -4.14408E+00  0.00000E+00  0.00000E+00  0.00000E+00  0.00000E+00
   260  2.82707E-05 -4.18180E+00 -4.18180E+00  0.00000E+00  0.00000E+00  0.00000E+00  0.00000E+00
   261  2.86183E-05 -4.21921E+00 -4.21921E+00  0.00000E+00  0.00000E+00  0.00000E+00  0.00000E+00
   262  2.89673E-05 -4.25630E+00 -4.25630E+00  0.00000E+00  0.00000E+00  0.00000E+00  0.00000E+00
   263  2.93178E-05 -4.29306E+00 -4.29306E+00  0.00000E+00  0.00000E+00  0.00000E+00  0.00000E+00
   264  2.96696E-05 -4.32949E+00 -4.32949E+00  0.00000E+00  0.00000E+00  0.00000E+00  0.00000E+00
   265  3.00228E-05 -4.36557E+00 -4.36557E+00  0.00000E+00  0.00000E+00  0.00000E+00  0.00000E+00
   266  3.03774E-05 -4.40130E+00 -4.40130E+00  0.00000E+00  0.00000E+00  0.00000E+00  0.00000E+00
   267  3.07334E-05 -4.43666E+00 -4.43666E+00  0.00000E+00  0.00000E+00  0.00000E+00  0.00000E+00
   268  3.10907E-05 -4.47166E+00 -4.47166E+00  0.00000E+00  0.00000E+00  0.00000E+00  0.00000E+00
   269  3.14493E-05 -4.50627E+00 -4.50627E+00  0.00000E+00  0.00000E+00  0.00000E+00  0.00000E+00
   270  3.18092E-05 -4.54050E+00 -4.54050E+00  0.00000E+00  0.00000E+00  0.00000E+00  0.00000E+00
   271  3.21704E-05 -4.57433E+00 -4.57433E+00  0.00000E+00  0.00000E+00  0.00000E+00  0.00000E+00
   272  3.25329E-05 -4.60776E+00 -4.60776E+00  0.00000E+00  0.00000E+00  0.00000E+00  0.00000E+00
   273  3.28966E-05 -4.64079E+00 -4.64079E+00  0.00000E+00  0.00000E+00  0.00000E+00  0.00000E+00
   274  3.32616E-05 -4.67340E+00 -4.67340E+00  0.00000E+00  0.00000E+00  0.00000E+00  0.00000E+00
   275  3.36278E-05 -4.70558E+00 -4.70558E+00  0.00000E+00  0.00000E+00  0.00000E+00  0.00000E+00
   276  3.39952E-05 -4.73735E+00 -4.73735E+00  0.00000E+00  0.00000E+00  0.00000E+00  0.00000E+00
   277  3.43639E-05 -4.76868E+00 -4.76868E+00  0.00000E+00  0.00000E+00  0.00000E+00  0.00000E+00
   278  3.47337E-05 -4.79957E+00 -4.79957E+00  0.00000E+00  0.00000E+00  0.00000E+00  0.00000E+00
   279  3.51046E-05 -4.83002E+00 -4.83002E+00  0.00000E+00  0.00000E+00  0.00000E+00  0.00000E+00
   280  3.54768E-05 -4.86002E+00 -4.86002E+00  0.00000E+00  0.00000E+00  0.00000E+00  0.00000E+00
   281  3.58501E-05 -4.88957E+00 -4.88957E+00  0.00000E+00  0.00000E+00  0.00000E+00  0.00000E+00
   282  3.62245E-05 -4.91867E+00 -4.91867E+00  0.00000E+00  0.00000E+00  0.00000E+00  0.00000E+00
   283  3.66000E-05 -4.94731E+00 -4.94731E+00  0.00000E+00  0.00000E+00  0.00000E+00  0.00000E+00
   284  3.69767E-05 -4.97548E+00 -4.97548E+00  0.00000E+00  0.00000E+00  0.00000E+00  0.00000E+00
   285  3.73544E-05 -5.00319E+00 -5.00319E+00  0.00000E+00  0.00000E+00  0.00000E+00  0.00000E+00
   286  3.77332E-05 -5.03044E+00 -5.03044E+00  0.00000E+00  0.00000E+00  0.00000E+00  0.00000E+00
   287  3.81131E-05 -5.05722E+00 -5.05722E+00  0.00000E+00  0.00000E+00  0.00000E+00  0.00000E+00
   288  3.84940E-05 -5.08352E+00 -5.08352E+00  0.00000E+00  0.00000E+00  0.00000E+00  0.00000E+00
   289  3.88760E-05 -5.10936E+00 -5.10936E+00  0.00000E+00  0.00000E+00  0.00000E+00  0.00000E+00
   290  3.92590E-05 -5.13472E+00 -5.13472E+00  0.00000E+00  0.00000E+00  0.00000E+00  0.00000E+00
   291  3.96430E-05 -5.15961E+00 -5.15961E+00  0.00000E+00  0.00000E+00  0.00000E+00  0.00000E+00
   292  4.00280E-05 -5.18402E+00 -5.18402E+00  0.00000E+00  0.00000E+00  0.00000E+00  0.00000E+00
   293  4.04141E-05 -5.20796E+00 -5.20796E+00  0.00000E+00  0.00000E+00  0.00000E+00  0.00000E+00
   294  4.08011E-05 -5.23143E+00 -5.23143E+00  0.00000E+00  0.00000E+00  0.00000E+00  0.00000E+00
   295  4.11890E-05 -5.25442E+00 -5.25442E+00  0.00000E+00  0.00000E+00  0.00000E+00  0.00000E+00
   296  4.15780E-05 -5.27694E+00 -5.27694E+00  0.00000E+00  0.00000E+00  0.00000E+00  0.00000E+00
   297  4.19679E-05 -5.29899E+00 -5.29899E+00  0.00000E+00  0.00000E+00  0.00000E+00  0.00000E+00
   298  4.23587E-05 -5.32057E+00 -5.32057E+00  0.00000E+00  0.00000E+00  0.00000E+00  0.00000E+00
   299  4.27505E-05 -5.34168E+00 -5.34168E+00  0.00000E+00  0.00000E+00  0.00000E+00  0.00000E+00
   300  4.31432E-05 -5.36232E+00 -5.36232E+00  0.00000E+00  0.00000E+00  0.00000E+00  0.00000E+00
   301  4.35367E-05 -5.38250E+00 -5.38250E+00  0.00000E+00  0.00000E+00  0.00000E+00  0.00000E+00
   302  4.39312E-05 -5.40223E+00 -5.40223E+00  0.00000E+00  0.00000E+00  0.00000E+00  0.00000E+00
   303  4.43266E-05 -5.42149E+00 -5.42149E+00  0.00000E+00  0.00000E+00  0.00000E+00  0.00000E+00
   304  4.47229E-05 -5.44030E+00 -5.44030E+00  0.00000E+00  0.00000E+00  0.00000E+00  0.00000E+00
   305  4.51200E-05 -5.45866E+00 -5.45866E+00  0.00000E+00  0.00000E+00  0.00000E+00  0.00000E+00
   306  4.55180E-05 -5.47657E+00 -5.47657E+00  0.00000E+00  0.00000E+00  0.00000E+00  0.00000E+00
   307  4.59168E-05 -5.49404E+00 -5.49404E+00  0.00000E+00  0.00000E+00  0.00000E+00  0.00000E+00
   308  4.63165E-05 -5.51107E+00 -5.51107E+00  0.00000E+00  0.00000E+00  0.00000E+00  0.00000E+00
   309  4.67170E-05 -5.52767E+00 -5.52767E+00  0.00000E+00  0.00000E+00  0.00000E+00  0.00000E+00
   310  4.71183E-05 -5.54384E+00 -5.54384E+00  0.00000E+00  0.00000E+00  0.00000E+00  0.00000E+00
   311  4.75204E-05 -5.55958E+00 -5.55958E+00  0.00000E+00  0.00000E+00  0.00000E+00  0.00000E+00
   312  4.79234E-05 -5.57491E+00 -5.57491E+00  0.00000E+00  0.00000E+00  0.00000E+00  0.00000E+00
   313  4.83271E-05 -5.58982E+00 -5.58982E+00  0.00000E+00  0.00000E+00  0.00000E+00  0.00000E+00
   314  4.87316E-05 -5.60432E+00 -5.60432E+00  0.00000E+00  0.00000E+00  0.00000E+00  0.00000E+00
   315  4.91369E-05 -5.61842E+00 -5.61842E+00  0.00000E+00  0.00000E+00  0.00000E+00  0.00000E+00
   316  4.95430E-05 -5.63212E+00 -5.63212E+00  0.00000E+00  0.00000E+00  0.00000E+00  0.00000E+00
   317  4.99498E-05 -5.64543E+00 -5.64543E+00  0.00000E+00  0.00000E+00  0.00000E+00  0.00000E+00
   318  5.03574E-05 -5.65836E+00 -5.65836E+00  0.00000E+00  0.00000E+00  0.00000E+00  0.00000E+00
   319  5.07657E-05 -5.67091E+00 -5.67091E+00  0.00000E+00  0.00000E+00  0.00000E+00  0.00000E+00
   320  5.11748E-05 -5.68308E+00 -5.68308E+00  0.00000E+00  0.00000E+00  0.00000E+00  0.00000E+00
   321  5.15846E-05 -5.69489E+00 -5.69489E+00  0.00000E+00  0.00000E+00  0.00000E+00  0.00000E+00
   322  5.19951E-05 -5.70634E+00 -5.70634E+00  0.00000E+00  0.00000E+00  0.00000E+00  0.00000E+00
   323  5.24064E-05 -5.71744E+00 -5.71744E+00  0.00000E+00  0.00000E+00  0.00000E+00  0.00000E+00
   324  5.28183E-05 -5.72819E+00 -5.72819E+00  0.00000E+00  0.00000E+00  0.00000E+00  0.00000E+00
   325  5.32309E-05 -5.73861E+00 -5.73861E+00  0.00000E+00  0.00000E+00  0.00000E+00  0.00000E+00
   326  5.36443E-05 -5.74869E+00 -5.74869E+00  0.00000E+00  0.00000E+00  0.00000E+00  0.00000E+00
   327  5.40583E-05 -5.75845E+00 -5.75845E+00  0.00000E+00  0.00000E+00  0.00000E+00  0.00000E+00
   328  5.44730E-05 -5.76788E+00 -5.76788E+00  0.00000E+00  0.00000E+00  0.00000E+00  0.00000E+00
   329  5.48883E-05 -5.77701E+00 -5.77701E+00  0.00000E+00  0.00000E+00  0.00000E+00  0.00000E+00
   330  5.53044E-05 -5.78584E+00 -5.78584E+00  0.00000E+00  0.00000E+00  0.00000E+00  0.00000E+00
   331  5.57211E-05 -5.79436E+00 -5.79436E+00  0.00000E+00  0.00000E+00  0.00000E+00  0.00000E+00
   332  5.61384E-05 -5.80260E+00 -5.80260E+00  0.00000E+00  0.00000E+00  0.00000E+00  0.00000E+00
   333  5.65564E-05 -5.81055E+00 -5.81055E+00  0.00000E+00  0.00000E+00  0.00000E+00  0.00000E+00
   334  5.69750E-05 -5.81823E+00 -5.81823E+00  0.00000E+00  0.00000E+00  0.00000E+00  0.00000E+00
   335  5.73942E-05 -5.82564E+00 -5.82564E+00  0.00000E+00  0.00000E+00  0.00000E+00  0.00000E+00
   336  5.78141E-05 -5.83279E+00 -5.83279E+00  0.00000E+00  0.00000E+00  0.00000E+00  0.00000E+00
   337  5.82346E-05 -5.83968E+00 -5.83968E+00  0.00000E+00  0.00000E+00  0.00000E+00  0.00000E+00
   338  5.86557E-05 -5.84632E+00 -5.84632E+00  0.00000E+00  0.00000E+00  0.00000E+00  0.00000E+00
   339  5.90774E-05 -5.85273E+00 -5.85273E+00  0.00000E+00  0.00000E+00  0.00000E+00  0.00000E+00
   340  5.94997E-05 -5.85890E+00 -5.85890E+00  0.00000E+00  0.00000E+00  0.00000E+00  0.00000E+00
   341  5.99226E-05 -5.86484E+00 -5.86484E+00  0.00000E+00  0.00000E+00  0.00000E+00  0.00000E+00
   342  6.03461E-05 -5.87056E+00 -5.87056E+00  0.00000E+00  0.00000E+00  0.00000E+00  0.00000E+00
   343  6.07701E-05 -5.87606E+00 -5.87606E+00  0.00000E+00  0.00000E+00  0.00000E+00  0.00000E+00
   344  6.11948E-05 -5.88136E+00 -5.88136E+00  0.00000E+00  0.00000E+00  0.00000E+00  0.00000E+00
   345  6.16200E-05 -5.88645E+00 -5.88645E+00  0.00000E+00  0.00000E+00  0.00000E+00  0.00000E+00
   346  6.20458E-05 -5.89135E+00 -5.89135E+00  0.00000E+00  0.00000E+00  0.00000E+00  0.00000E+00
   347  6.24721E-05 -5.89606E+00 -5.89606E+00  0.00000E+00  0.00000E+00  0.00000E+00  0.00000E+00
   348  6.28990E-05 -5.90059E+00 -5.90059E+00  0.00000E+00  0.00000E+00  0.00000E+00  0.00000E+00
   349  6.33264E-05 -5.90494E+00 -5.90494E+00  0.00000E+00  0.00000E+00  0.00000E+00  0.00000E+00
   350  6.37544E-05 -5.90911E+00 -5.90911E+00  0.00000E+00  0.00000E+00  0.00000E+00  0.00000E+00
   351  6.41829E-05 -5.91312E+00 -5.91312E+00  0.00000E+00  0.00000E+00  0.00000E+00  0.00000E+00
   352  6.46120E-05 -5.91697E+00 -5.91697E+00  0.00000E+00  0.00000E+00  0.00000E+00  0.00000E+00
   353  6.50416E-05 -5.92067E+00 -5.92067E+00  0.00000E+00  0.00000E+00  0.00000E+00  0.00000E+00
   354  6.54717E-05 -5.92422E+00 -5.92422E+00  0.00000E+00  0.00000E+00  0.00000E+00  0.00000E+00
   355  6.59023E-05 -5.92762E+00 -5.92762E+00  0.00000E+00  0.00000E+00  0.00000E+00  0.00000E+00
   356  6.63334E-05 -5.93088E+00 -5.93088E+00  0.00000E+00  0.00000E+00  0.00000E+00  0.00000E+00
   357  6.67651E-05 -5.93401E+00 -5.93401E+00  0.00000E+00  0.00000E+00  0.00000E+00  0.00000E+00
   358  6.71972E-05 -5.93701E+00 -5.93701E+00  0.00000E+00  0.00000E+00  0.00000E+00  0.00000E+00
   359  6.76298E-05 -5.93988E+00 -5.93988E+00  0.00000E+00  0.00000E+00  0.00000E+00  0.00000E+00
   360  6.80630E-05 -5.94264E+00 -5.94264E+00  0.00000E+00  0.00000E+00  0.00000E+00  0.00000E+00
   361  6.84966E-05 -5.94528E+00 -5.94528E+00  0.00000E+00  0.00000E+00  0.00000E+00  0.00000E+00
   362  6.89307E-05 -5.94780E+00 -5.94780E+00  0.00000E+00  0.00000E+00  0.00000E+00  0.00000E+00
   363  6.93653E-05 -5.95022E+00 -5.95022E+00  0.00000E+00  0.00000E+00  0.00000E+00  0.00000E+00
   364  6.98004E-05 -5.95254E+00 -5.95254E+00  0.00000E+00  0.00000E+00  0.00000E+00  0.00000E+00
   365  7.02359E-05 -5.95475E+00 -5.95475E+00  0.00000E+00  0.00000E+00  0.00000E+00  0.00000E+00
   366  7.06719E-05 -5.95688E+00 -5.95688E+00  0.00000E+00  0.00000E+00  0.00000E+00  0.00000E+00
   367  7.11084E-05 -5.95890E+00 -5.95890E+00  0.00000E+00  0.00000E+00  0.00000E+00  0.00000E+00
   368  7.15453E-05 -5.96085E+00 -5.96085E+00  0.00000E+00  0.00000E+00  0.00000E+00  0.00000E+00
   369  7.19827E-05 -5.96270E+00 -5.96270E+00  0.00000E+00  0.00000E+00  0.00000E+00  0.00000E+00
   370  7.24205E-05 -5.96448E+00 -5.96448E+00  0.00000E+00  0.00000E+00  0.00000E+00  0.00000E+00
   371  7.28588E-05 -5.96617E+00 -5.96617E+00  0.00000E+00  0.00000E+00  0.00000E+00  0.00000E+00
   372  7.32975E-05 -5.96780E+00 -5.96780E+00  0.00000E+00  0.00000E+00  0.00000E+00  0.00000E+00
   373  7.37367E-05 -5.96934E+00 -5.96934E+00  0.00000E+00  0.00000E+00  0.00000E+00  0.00000E+00
   374  7.41762E-05 -5.97082E+00 -5.97082E+00  0.00000E+00  0.00000E+00  0.00000E+00  0.00000E+00
   375  7.46163E-05 -5.97224E+00 -5.97224E+00  0.00000E+00  0.00000E+00  0.00000E+00  0.00000E+00
   376  7.50567E-05 -5.97359E+00 -5.97359E+00  0.00000E+00  0.00000E+00  0.00000E+00  0.00000E+00
   377  7.54976E-05 -5.97488E+00 -5.97488E+00  0.00000E+00  0.00000E+00  0.00000E+00  0.00000E+00
   378  7.59389E-05 -5.97611E+00 -5.97611E+00  0.00000E+00  0.00000E+00  0.00000E+00  0.00000E+00
   379  7.63806E-05 -5.97728E+00 -5.97728E+00  0.00000E+00  0.00000E+00  0.00000E+00  0.00000E+00
   380  7.68227E-05 -5.97840E+00 -5.97840E+00  0.00000E+00  0.00000E+00  0.00000E+00  0.00000E+00
   381  7.72652E-05 -5.97947E+00 -5.97947E+00  0.00000E+00  0.00000E+00  0.00000E+00  0.00000E+00
   382  7.77082E-05 -5.98049E+00 -5.98049E+00  0.00000E+00  0.00000E+00  0.00000E+00  0.00000E+00
   383  7.81515E-05 -5.98146E+00 -5.98146E+00  0.00000E+00  0.00000E+00  0.00000E+00  0.00000E+00
   384  7.85952E-05 -5.98239E+00 -5.98239E+00  0.00000E+00  0.00000E+00  0.00000E+00  0.00000E+00
   385  7.90393E-05 -5.98327E+00 -5.98327E+00  0.00000E+00  0.00000E+00  0.00000E+00  0.00000E+00
   386  7.94838E-05 -5.98411E+00 -5.98411E+00  0.00000E+00  0.00000E+00  0.00000E+00  0.00000E+00
   387  7.99288E-05 -5.98491E+00 -5.98491E+00  0.00000E+00  0.00000E+00  0.00000E+00  0.00000E+00
   388  8.03740E-05 -5.98568E+00 -5.98568E+00  0.00000E+00  0.00000E+00  0.00000E+00  0.00000E+00
   389  8.08197E-05 -5.98640E+00 -5.98640E+00  0.00000E+00  0.00000E+00  0.00000E+00  0.00000E+00
   390  8.12657E-05 -5.98709E+00 -5.98709E+00  0.00000E+00  0.00000E+00  0.00000E+00  0.00000E+00
   391  8.17122E-05 -5.98775E+00 -5.98775E+00  0.00000E+00  0.00000E+00  0.00000E+00  0.00000E+00
   392  8.21590E-05 -5.98838E+00 -5.98838E+00  0.00000E+00  0.00000E+00  0.00000E+00  0.00000E+00
   393  8.26061E-05 -5.98898E+00 -5.98898E+00  0.00000E+00  0.00000E+00  0.00000E+00  0.00000E+00
   394  8.30536E-05 -5.98954E+00 -5.98954E+00  0.00000E+00  0.00000E+00  0.00000E+00  0.00000E+00
   395  8.35015E-05 -5.99008E+00 -5.99008E+00  0.00000E+00  0.00000E+00  0.00000E+00  0.00000E+00
   396  8.39498E-05 -5.99059E+00 -5.99059E+00  0.00000E+00  0.00000E+00  0.00000E+00  0.00000E+00
   397  8.43984E-05 -5.99108E+00 -5.99108E+00  0.00000E+00  0.00000E+00  0.00000E+00  0.00000E+00
   398  8.48473E-05 -5.99154E+00 -5.99154E+00  0.00000E+00  0.00000E+00  0.00000E+00  0.00000E+00
   399  8.52966E-05 -5.99198E+00 -5.99198E+00  0.00000E+00  0.00000E+00  0.00000E+00  0.00000E+00
   400  8.57463E-05 -5.99240E+00 -5.99240E+00  0.00000E+00  0.00000E+00  0.00000E+00  0.00000E+00
   401  8.61963E-05 -5.99280E+00 -5.99280E+00  0.00000E+00  0.00000E+00  0.00000E+00  0.00000E+00
   402  8.66466E-05 -5.99318E+00 -5.99318E+00  0.00000E+00  0.00000E+00  0.00000E+00  0.00000E+00
   403  8.70973E-05 -5.99353E+00 -5.99353E+00  0.00000E+00  0.00000E+00  0.00000E+00  0.00000E+00
   404  8.75483E-05 -5.99387E+00 -5.99387E+00  0.00000E+00  0.00000E+00  0.00000E+00  0.00000E+00
   405  8.79997E-05 -5.99420E+00 -5.99420E+00  0.00000E+00  0.00000E+00  0.00000E+00  0.00000E+00
   406  8.84513E-05 -5.99450E+00 -5.99450E+00  0.00000E+00  0.00000E+00  0.00000E+00  0.00000E+00
   407  8.89033E-05 -5.99479E+00 -5.99479E+00  0.00000E+00  0.00000E+00  0.00000E+00  0.00000E+00
   408  8.93557E-05 -5.99507E+00 -5.99507E+00  0.00000E+00  0.00000E+00  0.00000E+00  0.00000E+00
   409  8.98083E-05 -5.99533E+00 -5.99533E+00  0.00000E+00  0.00000E+00  0.00000E+00  0.00000E+00
   410  9.02613E-05 -5.99558E+00 -5.99558E+00  0.00000E+00  0.00000E+00  0.00000E+00  0.00000E+00
   411  9.07146E-05 -5.99581E+00 -5.99581E+00  0.00000E+00  0.00000E+00  0.00000E+00  0.00000E+00
   412  9.11682E-05 -5.99603E+00 -5.99603E+00  0.00000E+00  0.00000E+00  0.00000E+00  0.00000E+00
   413  9.16221E-05 -5.99625E+00 -5.99625E+00  0.00000E+00  0.00000E+00  0.00000E+00  0.00000E+00
   414  9.20764E-05 -5.99645E+00 -5.99645E+00  0.00000E+00  0.00000E+00  0.00000E+00  0.00000E+00
   415  9.25309E-05 -5.99663E+00 -5.99663E+00  0.00000E+00  0.00000E+00  0.00000E+00  0.00000E+00
   416  9.29858E-05 -5.99681E+00 -5.99681E+00  0.00000E+00  0.00000E+00  0.00000E+00  0.00000E+00
   417  9.34409E-05 -5.99699E+00 -5.99699E+00  0.00000E+00  0.00000E+00  0.00000E+00  0.00000E+00
   418  9.38964E-05 -5.99715E+00 -5.99715E+00  0.00000E+00  0.00000E+00  0.00000E+00  0.00000E+00
   419  9.43521E-05 -5.99730E+00 -5.99730E+00  0.00000E+00  0.00000E+00  0.00000E+00  0.00000E+00
   420  9.48082E-05 -5.99744E+00 -5.99744E+00  0.00000E+00  0.00000E+00  0.00000E+00  0.00000E+00
   421  9.52645E-05 -5.99758E+00 -5.99758E+00  0.00000E+00  0.00000E+00  0.00000E+00  0.00000E+00
   422  9.57211E-05 -5.99771E+00 -5.99771E+00  0.00000E+00  0.00000E+00  0.00000E+00  0.00000E+00
   423  9.61781E-05 -5.99784E+00 -5.99784E+00  0.00000E+00  0.00000E+00  0.00000E+00  0.00000E+00
   424  9.66353E-05 -5.99795E+00 -5.99795E+00  0.00000E+00  0.00000E+00  0.00000E+00  0.00000E+00
   425  9.70928E-05 -5.99806E+00 -5.99806E+00  0.00000E+00  0.00000E+00  0.00000E+00  0.00000E+00
   426  9.75505E-05 -5.99817E+00 -5.99817E+00  0.00000E+00  0.00000E+00  0.00000E+00  0.00000E+00
   427  9.80086E-05 -5.99827E+00 -5.99827E+00  0.00000E+00  0.00000E+00  0.00000E+00  0.00000E+00
   428  9.84669E-05 -5.99836E+00 -5.99836E+00  0.00000E+00  0.00000E+00  0.00000E+00  0.00000E+00
   429  9.89256E-05 -5.99845E+00 -5.99845E+00  0.00000E+00  0.00000E+00  0.00000E+00  0.00000E+00
   430  9.93844E-05 -5.99854E+00 -5.99854E+00  0.00000E+00  0.00000E+00  0.00000E+00  0.00000E+00
   431  9.98436E-05 -5.99862E+00 -5.99862E+00  0.00000E+00  0.00000E+00  0.00000E+00  0.00000E+00
   432  1.00303E-04 -5.99869E+00 -5.99869E+00  0.00000E+00  0.00000E+00  0.00000E+00  0.00000E+00
   433  1.00763E-04 -5.99876E+00 -5.99876E+00  0.00000E+00  0.00000E+00  0.00000E+00  0.00000E+00
   434  1.01223E-04 -5.99883E+00 -5.99883E+00  0.00000E+00  0.00000E+00  0.00000E+00  0.00000E+00
   435  1.01683E-04 -5.99890E+00 -5.99890E+00  0.00000E+00  0.00000E+00  0.00000E+00  0.00000E+00
   436  1.02143E-04 -5.99896E+00 -5.99896E+00  0.00000E+00  0.00000E+00  0.00000E+00  0.00000E+00
   437  1.02604E-04 -5.99902E+00 -5.99902E+00  0.00000E+00  0.00000E+00  0.00000E+00  0.00000E+00
   438  1.03065E-04 -5.99907E+00 -5.99907E+00  0.00000E+00  0.00000E+00  0.00000E+00  0.00000E+00
   439  1.03526E-04 -5.99912E+00 -5.99912E+00  0.00000E+00  0.00000E+00  0.00000E+00  0.00000E+00
   440  1.03988E-04 -5.99917E+00 -5.99917E+00  0.00000E+00  0.00000E+00  0.00000E+00  0.00000E+00
   441  1.04450E-04 -5.99922E+00 -5.99922E+00  0.00000E+00  0.00000E+00  0.00000E+00  0.00000E+00
   442  1.04912E-04 -5.99926E+00 -5.99926E+00  0.00000E+00  0.00000E+00  0.00000E+00  0.00000E+00
   443  1.05374E-04 -5.99931E+00 -5.99931E+00  0.00000E+00  0.00000E+00  0.00000E+00  0.00000E+00
   444  1.05837E-04 -5.99935E+00 -5.99935E+00  0.00000E+00  0.00000E+00  0.00000E+00  0.00000E+00
   445  1.06299E-04 -5.99938E+00 -5.99938E+00  0.00000E+00  0.00000E+00  0.00000E+00  0.00000E+00
   446  1.06762E-04 -5.99942E+00 -5.99942E+00  0.00000E+00  0.00000E+00  0.00000E+00  0.00000E+00
   447  1.07226E-04 -5.99945E+00 -5.99945E+00  0.00000E+00  0.00000E+00  0.00000E+00  0.00000E+00
   448  1.07689E-04 -5.99949E+00 -5.99949E+00  0.00000E+00  0.00000E+00  0.00000E+00  0.00000E+00
   449  1.08153E-04 -5.99952E+00 -5.99952E+00  0.00000E+00  0.00000E+00  0.00000E+00  0.00000E+00
   450  1.08617E-04 -5.99955E+00 -5.99955E+00  0.00000E+00  0.00000E+00  0.00000E+00  0.00000E+00
   451  1.09081E-04 -5.99957E+00 -5.99957E+00  0.00000E+00  0.00000E+00  0.00000E+00  0.00000E+00
   452  1.09546E-04 -5.99960E+00 -5.99960E+00  0.00000E+00  0.00000E+00  0.00000E+00  0.00000E+00
   453  1.10010E-04 -5.99962E+00 -5.99962E+00  0.00000E+00  0.00000E+00  0.00000E+00  0.00000E+00
   454  1.10475E-04 -5.99965E+00 -5.99965E+00  0.00000E+00  0.00000E+00  0.00000E+00  0.00000E+00
   455  1.10940E-04 -5.99967E+00 -5.99967E+00  0.00000E+00  0.00000E+00  0.00000E+00  0.00000E+00
   456  1.11406E-04 -5.99969E+00 -5.99969E+00  0.00000E+00  0.00000E+00  0.00000E+00  0.00000E+00
   457  1.11871E-04 -5.99971E+00 -5.99971E+00  0.00000E+00  0.00000E+00  0.00000E+00  0.00000E+00
   458  1.12337E-04 -5.99973E+00 -5.99973E+00  0.00000E+00  0.00000E+00  0.00000E+00  0.00000E+00
   459  1.12803E-04 -5.99975E+00 -5.99975E+00  0.00000E+00  0.00000E+00  0.00000E+00  0.00000E+00
   460  1.13269E-04 -5.99976E+00 -5.99976E+00  0.00000E+00  0.00000E+00  0.00000E+00  0.00000E+00
   461  1.13736E-04 -5.99978E+00 -5.99978E+00  0.00000E+00  0.00000E+00  0.00000E+00  0.00000E+00
   462  1.14203E-04 -5.99979E+00 -5.99979E+00  0.00000E+00  0.00000E+00  0.00000E+00  0.00000E+00
   463  1.14670E-04 -5.99981E+00 -5.99981E+00  0.00000E+00  0.00000E+00  0.00000E+00  0.00000E+00
   464  1.15137E-04 -5.99982E+00 -5.99982E+00  0.00000E+00  0.00000E+00  0.00000E+00  0.00000E+00
   465  1.15604E-04 -5.99983E+00 -5.99983E+00  0.00000E+00  0.00000E+00  0.00000E+00  0.00000E+00
   466  1.16072E-04 -5.99984E+00 -5.99984E+00  0.00000E+00  0.00000E+00  0.00000E+00  0.00000E+00
   467  1.16539E-04 -5.99985E+00 -5.99985E+00  0.00000E+00  0.00000E+00  0.00000E+00  0.00000E+00
   468  1.17007E-04 -5.99986E+00 -5.99986E+00  0.00000E+00  0.00000E+00  0.00000E+00  0.00000E+00
   469  1.17476E-04 -5.99987E+00 -5.99987E+00  0.00000E+00  0.00000E+00  0.00000E+00  0.00000E+00
   470  1.17944E-04 -5.99988E+00 -5.99988E+00  0.00000E+00  0.00000E+00  0.00000E+00  0.00000E+00
   471  1.18413E-04 -5.99989E+00 -5.99989E+00  0.00000E+00  0.00000E+00  0.00000E+00  0.00000E+00
   472  1.18881E-04 -5.99990E+00 -5.99990E+00  0.00000E+00  0.00000E+00  0.00000E+00  0.00000E+00
   473  1.19350E-04 -5.99991E+00 -5.99991E+00  0.00000E+00  0.00000E+00  0.00000E+00  0.00000E+00
   474  1.19820E-04 -5.99991E+00 -5.99991E+00  0.00000E+00  0.00000E+00  0.00000E+00  0.00000E+00
   475  1.20289E-04 -5.99992E+00 -5.99992E+00  0.00000E+00  0.00000E+00  0.00000E+00  0.00000E+00
   476  1.20759E-04 -5.99993E+00 -5.99993E+00  0.00000E+00  0.00000E+00  0.00000E+00  0.00000E+00
   477  1.21228E-04 -5.99993E+00 -5.99993E+00  0.00000E+00  0.00000E+00  0.00000E+00  0.00000E+00
   478  1.21698E-04 -5.99994E+00 -5.99994E+00  0.00000E+00  0.00000E+00  0.00000E+00  0.00000E+00
   479  1.22169E-04 -5.99994E+00 -5.99994E+00  0.00000E+00  0.00000E+00  0.00000E+00  0.00000E+00
   480  1.22639E-04 -5.99995E+00 -5.99995E+00  0.00000E+00  0.00000E+00  0.00000E+00  0.00000E+00
   481  1.23110E-04 -5.99995E+00 -5.99995E+00  0.00000E+00  0.00000E+00  0.00000E+00  0.00000E+00
   482  1.23580E-04 -5.99995E+00 -5.99995E+00  0.00000E+00  0.00000E+00  0.00000E+00  0.00000E+00
   483  1.24051E-04 -5.99996E+00 -5.99996E+00  0.00000E+00  0.00000E+00  0.00000E+00  0.00000E+00
   484  1.24523E-04 -5.99996E+00 -5.99996E+00  0.00000E+00  0.00000E+00  0.00000E+00  0.00000E+00
   485  1.24994E-04 -5.99996E+00 -5.99996E+00  0.00000E+00  0.00000E+00  0.00000E+00  0.00000E+00
   486  1.25466E-04 -5.99997E+00 -5.99997E+00  0.00000E+00  0.00000E+00  0.00000E+00  0.00000E+00
   487  1.25937E-04 -5.99997E+00 -5.99997E+00  0.00000E+00  0.00000E+00  0.00000E+00  0.00000E+00
   488  1.26409E-04 -5.99997E+00 -5.99997E+00  0.00000E+00  0.00000E+00  0.00000E+00  0.00000E+00
   489  1.26881E-04 -5.99997E+00 -5.99997E+00  0.00000E+00  0.00000E+00  0.00000E+00  0.00000E+00
   490  1.27354E-04 -5.99998E+00 -5.99998E+00  0.00000E+00  0.00000E+00  0.00000E+00  0.00000E+00
   491  1.27826E-04 -5.99998E+00 -5.99998E+00  0.00000E+00  0.00000E+00  0.00000E+00  0.00000E+00
   492  1.28299E-04 -5.99998E+00 -5.99998E+00  0.00000E+00  0.00000E+00  0.00000E+00  0.00000E+00
   493  1.28771E-04 -5.99998E+00 -5.99998E+00  0.00000E+00  0.00000E+00  0.00000E+00  0.00000E+00
   494  1.29244E-04 -5.99998E+00 -5.99998E+00  0.00000E+00  0.00000E+00  0.00000E+00  0.00000E+00
   495  1.29718E-04 -5.99999E+00 -5.99999E+00  0.00000E+00  0.00000E+00  0.00000E+00  0.00000E+00
   496  1.30191E-04 -5.99999E+00 -5.99999E+00  0.00000E+00  0.00000E+00  0.00000E+00  0.00000E+00
   497  1.30664E-04 -5.99999E+00 -5.99999E+00  0.00000E+00  0.00000E+00  0.00000E+00  0.00000E+00
   498  1.31138E-04 -5.99999E+00 -5.99999E+00  0.00000E+00  0.00000E+00  0.00000E+00  0.00000E+00
   499  1.31612E-04 -5.99999E+00 -5.99999E+00  0.00000E+00  0.00000E+00  0.00000E+00  0.00000E+00
   500  1.32086E-04 -5.99999E+00 -5.99999E+00  0.00000E+00  0.00000E+00  0.00000E+00  0.00000E+00
   501  1.32560E-04 -5.99999E+00 -5.99999E+00  0.00000E+00  0.00000E+00  0.00000E+00  0.00000E+00
   502  1.33035E-04 -5.99999E+00 -5.99999E+00  0.00000E+00  0.00000E+00  0.00000E+00  0.00000E+00
   503  1.33509E-04 -5.99999E+00 -5.99999E+00  0.00000E+00  0.00000E+00  0.00000E+00  0.00000E+00
   504  1.33984E-04 -5.99999E+00 -5.99999E+00  0.00000E+00  0.00000E+00  0.00000E+00  0.00000E+00
   505  1.34459E-04 -5.99999E+00 -5.99999E+00  0.00000E+00  0.00000E+00  0.00000E+00  0.00000E+00
   506  1.34934E-04 -6.00000E+00 -6.00000E+00  0.00000E+00  0.00000E+00  0.00000E+00  0.00000E+00
   507  1.35409E-04 -6.00000E+00 -6.00000E+00  0.00000E+00  0.00000E+00  0.00000E+00  0.00000E+00
   508  1.35884E-04 -6.00000E+00 -6.00000E+00  0.00000E+00  0.00000E+00  0.00000E+00  0.00000E+00
   509  1.36360E-04 -6.00000E+00 -6.00000E+00  0.00000E+00  0.00000E+00  0.00000E+00  0.00000E+00
   510  1.36836E-04 -6.00000E+00 -6.00000E+00  0.00000E+00  0.00000E+00  0.00000E+00  0.00000E+00
   511  1.37311E-04 -6.00000E+00 -6.00000E+00  0.00000E+00  0.00000E+00  0.00000E+00  0.00000E+00
   512  1.37787E-04 -6.00000E+00 -6.00000E+00  0.00000E+00  0.00000E+00  0.00000E+00  0.00000E+00
   513  1.38264E-04 -6.00000E+00 -6.00000E+00  0.00000E+00  0.00000E+00  0.00000E+00  0.00000E+00
   514  1.38740E-04 -6.00000E+00 -6.00000E+00  0.00000E+00  0.00000E+00  0.00000E+00  0.00000E+00
   515  1.39216E-04 -6.00000E+00 -6.00000E+00  0.00000E+00  0.00000E+00  0.00000E+00  0.00000E+00
   516  1.39693E-04 -6.00000E+00 -6.00000E+00  0.00000E+00  0.00000E+00  0.00000E+00  0.00000E+00
   517  1.40170E-04 -6.00000E+00 -6.00000E+00  0.00000E+00  0.00000E+00  0.00000E+00  0.00000E+00
   518  1.40647E-04 -6.00000E+00 -6.00000E+00  0.00000E+00  0.00000E+00  0.00000E+00  0.00000E+00
   519  1.41124E-04 -6.00000E+00 -6.00000E+00  0.00000E+00  0.00000E+00  0.00000E+00  0.00000E+00
   520  1.41601E-04 -6.00000E+00 -6.00000E+00  0.00000E+00  0.00000E+00  0.00000E+00  0.00000E+00
   521  1.42079E-04 -6.00000E+00 -6.00000E+00  0.00000E+00  0.00000E+00  0.00000E+00  0.00000E+00
   522  1.42556E-04 -6.00000E+00 -6.00000E+00  0.00000E+00  0.00000E+00  0.00000E+00  0.00000E+00
   523  1.43034E-04 -6.00000E+00 -6.00000E+00  0.00000E+00  0.00000E+00  0.00000E+00  0.00000E+00
   524  1.43512E-04 -6.00000E+00 -6.00000E+00  0.00000E+00  0.00000E+00  0.00000E+00  0.00000E+00
   525  1.43990E-04 -6.00000E+00 -6.00000E+00  0.00000E+00  0.00000E+00  0.00000E+00  0.00000E+00
   526  1.44468E-04 -6.00000E+00 -6.00000E+00  0.00000E+00  0.00000E+00  0.00000E+00  0.00000E+00
   527  1.44946E-04 -6.00000E+00 -6.00000E+00  0.00000E+00  0.00000E+00  0.00000E+00  0.00000E+00
   528  1.45425E-04 -6.00000E+00 -6.00000E+00  0.00000E+00  0.00000E+00  0.00000E+00  0.00000E+00
   529  1.45903E-04 -6.00000E+00 -6.00000E+00  0.00000E+00  0.00000E+00  0.00000E+00  0.00000E+00
   530  1.46382E-04 -6.00000E+00 -6.00000E+00  0.00000E+00  0.00000E+00  0.00000E+00  0.00000E+00
   531  1.46861E-04 -6.00000E+00 -6.00000E+00  0.00000E+00  0.00000E+00  0.00000E+00  0.00000E+00
   532  1.47340E-04 -6.00000E+00 -6.00000E+00  0.00000E+00  0.00000E+00  0.00000E+00  0.00000E+00
   533  1.47819E-04 -6.00000E+00 -6.00000E+00  0.00000E+00  0.00000E+00  0.00000E+00  0.00000E+00
   534  1.48298E-04 -6.00000E+00 -6.00000E+00  0.00000E+00  0.00000E+00  0.00000E+00  0.00000E+00
   535  1.48778E-04 -6.00000E+00 -6.00000E+00  0.00000E+00  0.00000E+00  0.00000E+00  0.00000E+00
   536  1.49257E-04 -6.00000E+00 -6.00000E+00  0.00000E+00  0.00000E+00  0.00000E+00  0.00000E+00
   537  1.49737E-04 -6.00000E+00 -6.00000E+00  0.00000E+00  0.00000E+00  0.00000E+00  0.00000E+00
   538  1.50217E-04 -6.00000E+00 -6.00000E+00  0.00000E+00  0.00000E+00  0.00000E+00  0.00000E+00
   539  1.50697E-04 -6.00000E+00 -6.00000E+00  0.00000E+00  0.00000E+00  0.00000E+00  0.00000E+00
   540  1.51177E-04 -6.00000E+00 -6.00000E+00  0.00000E+00  0.00000E+00  0.00000E+00  0.00000E+00
   541  1.51657E-04 -6.00000E+00 -6.00000E+00  0.00000E+00  0.00000E+00  0.00000E+00  0.00000E+00
   542  1.52137E-04 -6.00000E+00 -6.00000E+00  0.00000E+00  0.00000E+00  0.00000E+00  0.00000E+00
   543  1.52618E-04 -6.00000E+00 -6.00000E+00  0.00000E+00  0.00000E+00  0.00000E+00  0.00000E+00
   544  1.53099E-04 -6.00000E+00 -6.00000E+00  0.00000E+00  0.00000E+00  0.00000E+00  0.00000E+00
   545  1.53579E-04 -6.00000E+00 -6.00000E+00  0.00000E+00  0.00000E+00  0.00000E+00  0.00000E+00
   546  1.54060E-04 -6.00000E+00 -6.00000E+00  0.00000E+00  0.00000E+00  0.00000E+00  0.00000E+00
   547  1.54541E-04 -6.00000E+00 -6.00000E+00  0.00000E+00  0.00000E+00  0.00000E+00  0.00000E+00
   548  1.55023E-04 -6.00000E+00 -6.00000E+00  0.00000E+00  0.00000E+00  0.00000E+00  0.00000E+00
   549  1.55504E-04 -6.00000E+00 -6.00000E+00  0.00000E+00  0.00000E+00  0.00000E+00  0.00000E+00
   550  1.55985E-04 -6.00000E+00 -6.00000E+00  0.00000E+00  0.00000E+00  0.00000E+00  0.00000E+00
   551  1.56467E-04 -6.00000E+00 -6.00000E+00  0.00000E+00  0.00000E+00  0.00000E+00  0.00000E+00
   552  1.56948E-04 -6.00000E+00 -6.00000E+00  0.00000E+00  0.00000E+00  0.00000E+00  0.00000E+00
   553  1.57430E-04 -6.00000E+00 -6.00000E+00  0.00000E+00  0.00000E+00  0.00000E+00  0.00000E+00
   554  1.57912E-04 -6.00000E+00 -6.00000E+00  0.00000E+00  0.00000E+00  0.00000E+00  0.00000E+00
   555  1.58394E-04 -6.00000E+00 -6.00000E+00  0.00000E+00  0.00000E+00  0.00000E+00  0.00000E+00
   556  1.58876E-04 -6.00000E+00 -6.00000E+00  0.00000E+00  0.00000E+00  0.00000E+00  0.00000E+00
   557  1.59359E-04 -6.00000E+00 -6.00000E+00  0.00000E+00  0.00000E+00  0.00000E+00  0.00000E+00
   558  1.59841E-04 -6.00000E+00 -6.00000E+00  0.00000E+00  0.00000E+00  0.00000E+00  0.00000E+00
   559  1.60324E-04 -6.00000E+00 -6.00000E+00  0.00000E+00  0.00000E+00  0.00000E+00  0.00000E+00
   560  1.60806E-04 -6.00000E+00 -6.00000E+00  0.00000E+00  0.00000E+00  0.00000E+00  0.00000E+00
   561  1.61289E-04 -6.00000E+00 -6.00000E+00  0.00000E+00  0.00000E+00  0.00000E+00  0.00000E+00
   562  1.61772E-04 -6.00000E+00 -6.00000E+00  0.00000E+00  0.00000E+00  0.00000E+00  0.00000E+00
   563  1.62255E-04 -6.00000E+00 -6.00000E+00  0.00000E+00  0.00000E+00  0.00000E+00  0.00000E+00
   564  1.62738E-04 -6.00000E+00 -6.00000E+00  0.00000E+00  0.00000E+00  0.00000E+00  0.00000E+00
   565  1.63222E-04 -6.00000E+00 -6.00000E+00  0.00000E+00  0.00000E+00  0.00000E+00  0.00000E+00
   566  1.63705E-04 -6.00000E+00 -6.00000E+00  0.00000E+00  0.00000E+00  0.00000E+00  0.00000E+00
   567  1.64189E-04 -6.00000E+00 -6.00000E+00  0.00000E+00  0.00000E+00  0.00000E+00  0.00000E+00
   568  1.64672E-04 -6.00000E+00 -6.00000E+00  0.00000E+00  0.00000E+00  0.00000E+00  0.00000E+00
   569  1.65156E-04 -6.00000E+00 -6.00000E+00  0.00000E+00  0.00000E+00  0.00000E+00  0.00000E+00
   570  1.65640E-04 -6.00000E+00 -6.00000E+00  0.00000E+00  0.00000E+00  0.00000E+00  0.00000E+00
   571  1.66124E-04 -6.00000E+00 -6.00000E+00  0.00000E+00  0.00000E+00  0.00000E+00  0.00000E+00
   572  1.66608E-04 -6.00000E+00 -6.00000E+00  0.00000E+00  0.00000E+00  0.00000E+00  0.00000E+00
   573  1.67092E-04 -6.00000E+00 -6.00000E+00  0.00000E+00  0.00000E+00  0.00000E+00  0.00000E+00
   574  1.67576E-04 -6.00000E+00 -6.00000E+00  0.00000E+00  0.00000E+00  0.00000E+00  0.00000E+00
   575  1.68061E-04 -6.00000E+00 -6.00000E+00  0.00000E+00  0.00000E+00  0.00000E+00  0.00000E+00
   576  1.68545E-04 -6.00000E+00 -6.00000E+00  0.00000E+00  0.00000E+00  0.00000E+00  0.00000E+00
   577  1.69030E-04 -6.00000E+00 -6.00000E+00  0.00000E+00  0.00000E+00  0.00000E+00  0.00000E+00
   578  1.69515E-04 -6.00000E+00 -6.00000E+00  0.00000E+00  0.00000E+00  0.00000E+00  0.00000E+00
   579  1.70000E-04 -6.00000E+00 -6.00000E+00  0.00000E+00  0.00000E+00  0.00000E+00  0.00000E+00
   580  1.70485E-04 -6.00000E+00 -6.00000E+00  0.00000E+00  0.00000E+00  0.00000E+00  0.00000E+00
   581  1.70970E-04 -6.00000E+00 -6.00000E+00  0.00000E+00  0.00000E+00  0.00000E+00  0.00000E+00
   582  1.71455E-04 -6.00000E+00 -6.00000E+00  0.00000E+00  0.00000E+00  0.00000E+00  0.00000E+00
   583  1.71940E-04 -6.00000E+00 -6.00000E+00  0.00000E+00  0.00000E+00  0.00000E+00  0.00000E+00
   584  1.72426E-04 -6.00000E+00 -6.00000E+00  0.00000E+00  0.00000E+00  0.00000E+00  0.00000E+00
   585  1.72911E-04 -6.00000E+00 -6.00000E+00  0.00000E+00  0.00000E+00  0.00000E+00  0.00000E+00
   586  1.73397E-04 -6.00000E+00 -6.00000E+00  0.00000E+00  0.00000E+00  0.00000E+00  0.00000E+00
   587  1.73883E-04 -6.00000E+00 -6.00000E+00  0.00000E+00  0.00000E+00  0.00000E+00  0.00000E+00
   588  1.74368E-04 -6.00000E+00 -6.00000E+00  0.00000E+00  0.00000E+00  0.00000E+00  0.00000E+00
   589  1.74854E-04 -6.00000E+00 -6.00000E+00  0.00000E+00  0.00000E+00  0.00000E+00  0.00000E+00
   590  1.75340E-04 -6.00000E+00 -6.00000E+00  0.00000E+00  0.00000E+00  0.00000E+00  0.00000E+00
   591  1.75827E-04 -6.00000E+00 -6.00000E+00  0.00000E+00  0.00000E+00  0.00000E+00  0.00000E+00
   592  1.76313E-04 -6.00000E+00 -6.00000E+00  0.00000E+00  0.00000E+00  0.00000E+00  0.00000E+00
   593  1.76799E-04 -6.00000E+00 -6.00000E+00  0.00000E+00  0.00000E+00  0.00000E+00  0.00000E+00
   594  1.77286E-04 -6.00000E+00 -6.00000E+00  0.00000E+00  0.00000E+00  0.00000E+00  0.00000E+00
   595  1.77772E-04 -6.00000E+00 -6.00000E+00  0.00000E+00  0.00000E+00  0.00000E+00  0.00000E+00
   596  1.78259E-04 -6.00000E+00 -6.00000E+00  0.00000E+00  0.00000E+00  0.00000E+00  0.00000E+00
   597  1.78746E-04 -6.00000E+00 -6.00000E+00  0.00000E+00  0.00000E+00  0.00000E+00  0.00000E+00
   598  1.79233E-04 -6.00000E+00 -6.00000E+00  0.00000E+00  0.00000E+00  0.00000E+00  0.00000E+00
   599  1.79720E-04 -6.00000E+00 -6.00000E+00  0.00000E+00  0.00000E+00  0.00000E+00  0.00000E+00
   600  1.80207E-04 -6.00000E+00 -6.00000E+00  0.00000E+00  0.00000E+00  0.00000E+00  0.00000E+00
   601  1.80694E-04 -6.00000E+00 -6.00000E+00  0.00000E+00  0.00000E+00  0.00000E+00  0.00000E+00
   602  1.81181E-04 -6.00000E+00 -6.00000E+00  0.00000E+00  0.00000E+00  0.00000E+00  0.00000E+00
   603  1.81668E-04 -6.00000E+00 -6.00000E+00  0.00000E+00  0.00000E+00  0.00000E+00  0.00000E+00
   604  1.82156E-04 -6.00000E+00 -6.00000E+00  0.00000E+00  0.00000E+00  0.00000E+00  0.00000E+00
   605  1.82643E-04 -6.00000E+00 -6.00000E+00  0.00000E+00  0.00000E+00  0.00000E+00  0.00000E+00
   606  1.83131E-04 -6.00000E+00 -6.00000E+00  0.00000E+00  0.00000E+00  0.00000E+00  0.00000E+00
   607  1.83619E-04 -6.00000E+00 -6.00000E+00  0.00000E+00  0.00000E+00  0.00000E+00  0.00000E+00
   608  1.84107E-04 -6.00000E+00 -6.00000E+00  0.00000E+00  0.00000E+00  0.00000E+00  0.00000E+00
   609  1.84595E-04 -6.00000E+00 -6.00000E+00  0.00000E+00  0.00000E+00  0.00000E+00  0.00000E+00
   610  1.85083E-04 -6.00000E+00 -6.00000E+00  0.00000E+00  0.00000E+00  0.00000E+00  0.00000E+00
   611  1.85571E-04 -6.00000E+00 -6.00000E+00  0.00000E+00  0.00000E+00  0.00000E+00  0.00000E+00
   612  1.85571E-04 -6.00000E+00 -6.00000E+00  0.00000E+00  0.00000E+00  0.00000E+00  0.00000E+00
   613  3.71142E-04 -6.00000E+00 -6.00000E+00  0.00000E+00  0.00000E+00  0.00000E+00  0.00000E+00
   614  7.42283E-04 -6.00000E+00 -6.00000E+00  0.00000E+00  0.00000E+00  0.00000E+00  0.00000E+00
   615  1.48457E-03 -6.00000E+00 -6.00000E+00  0.00000E+00  0.00000E+00  0.00000E+00  0.00000E+00
   616  2.96913E-03 -6.00000E+00 -6.00000E+00  0.00000E+00  0.00000E+00  0.00000E+00  0.00000E+00
   617  5.93827E-03 -6.00000E+00 -6.00000E+00  0.00000E+00  0.00000E+00  0.00000E+00  0.00000E+00
   618  1.18765E-02 -6.00000E+00 -6.00000E+00  0.00000E+00  0.00000E+00  0.00000E+00  0.00000E+00
   619  2.37531E-02 -6.00000E+00 -6.00000E+00  0.00000E+00  0.00000E+00  0.00000E+00  0.00000E+00
   620  4.75061E-02 -6.00000E+00 -6.00000E+00  0.00000E+00  0.00000E+00  0.00000E+00  0.00000E+00
   621  9.50123E-02 -6.00000E+00 -6.00000E+00  0.00000E+00  0.00000E+00  0.00000E+00  0.00000E+00
   622  1.90025E-01 -6.00000E+00 -6.00000E+00  0.00000E+00  0.00000E+00  0.00000E+00  0.00000E+00
   623  3.80049E-01 -6.00000E+00 -6.00000E+00  0.00000E+00  0.00000E+00  0.00000E+00  0.00000E+00
   624  7.60098E-01 -6.00000E+00 -6.00000E+00  0.00000E+00  0.00000E+00  0.00000E+00  0.00000E+00
   625  1.52020E+00 -6.00000E+00 -6.00000E+00  0.00000E+00  0.00000E+00  0.00000E+00  0.00000E+00
   626  3.04039E+00 -6.00000E+00 -6.00000E+00  0.00000E+00  0.00000E+00  0.00000E+00  0.00000E+00
   627  6.08079E+00 -6.00000E+00 -6.00000E+00  0.00000E+00  0.00000E+00  0.00000E+00  0.00000E+00
   628  1.21616E+01 -6.00000E+00 -6.00000E+00  0.00000E+00  0.00000E+00  0.00000E+00  0.00000E+00
   629  2.43231E+01 -6.00000E+00 -6.00000E+00  0.00000E+00  0.00000E+00  0.00000E+00  0.00000E+00
   630  4.86463E+01 -6.00000E+00 -6.00000E+00  0.00000E+00  0.00000E+00  0.00000E+00  0.00000E+00
   631  9.72926E+01 -6.00000E+00 -6.00000E+00  0.00000E+00  0.00000E+00  0.00000E+00  0.00000E+00
   632  1.94585E+02 -6.00000E+00 -6.00000E+00  0.00000E+00  0.00000E+00  0.00000E+00  0.00000E+00
   633  3.89170E+02 -6.00000E+00 -6.00000E+00  0.00000E+00  0.00000E+00  0.00000E+00  0.00000E+00
   634  7.78341E+02 -6.00000E+00 -6.00000E+00  0.00000E+00  0.00000E+00  0.00000E+00  0.00000E+00
   635  1.55668E+03 -6.00000E+00 -6.00000E+00  0.00000E+00  0.00000E+00  0.00000E+00  0.00000E+00
   636  3.11336E+03 -6.00000E+00 -6.00000E+00  0.00000E+00  0.00000E+00  0.00000E+00  0.00000E+00
   637  6.22673E+03 -6.00000E+00 -6.00000E+00  0.00000E+00  0.00000E+00  0.00000E+00  0.00000E+00
   638  1.24535E+04 -6.00000E+00 -6.00000E+00  0.00000E+00  0.00000E+00  0.00000E+00  0.00000E+00
